578,37.57124863088717
802,38.33853036876355
224,37.374275713516425
770,38.04553610503282
961,35.897575919019715
322,38.009280692266096
158,37.342906026557706
34,37.66657158529895
769,38.52593865679535
128,38.40003141361257
514,37.769947561615105
860,37.02885529157667
866,38.12313456464379
673,37.188671794871794
254,37.10635021097046
160,35.14652919121586
418,36.72803787480272
547,37.67447671232877
355,36.44898588604286
451,38.01714589989351
2,36.77379802414929
739,37.678673139158576
64,38.627779030439676
835,37.91717659688673
350,37.65697072072072
226,36.57778453038673
259,37.13378970427163
67,36.97173773987207
194,37.33692348008386
832,36.922211589579994
931,36.85193326271187
382,37.87543016759776
292,37.728016172506734
68,35.79402576489533
994,36.53203191489362
836,37.01080690038954
163,36.8170287887018
676,38.224509051014806
320,38.57197261663287
356,36.370341438179
643,37.23420997920998
482,38.21159737417943
388,36.52615628299895
164,37.904435169727336
640,37.73301069518716
130,38.88567553735926
100,38.21366379310345
229,36.77940540540541
805,37.1206809848088
709,38.43512807109252
868,37.39509464575446
613,36.4258857442348
386,37.524439723844935
517,38.081287553648075
736,37.47463279955826
452,36.45435359116022
901,37.10851692638366
133,38.54002165674064
644,38.99800209753539
962,37.646424464192364
37,37.39216533333334
608,38.723031649083836
454,36.76831260140616
38,36.02063474986552
932,37.12991484832358
646,37.159141494435616
325,36.29845350052247
806,36.92557911908646
674,36.9145008183306
550,38.17812730142031
997,37.26022727272727
196,37.96945340968245
70,36.84445826853291
,19.12427038723347
710,38.58242195909581
421,39.81792604501608
898,35.5652435064935
548,37.27103393425239
166,37.91464285714285
967,37.748533114395194
871,38.29236928104575
391,37.644309511015585
134,37.981898323418065
583,38.78417808219179
928,37.8766104461371
580,37.07951256281406
199,37.49905486148831
290,38.021371584699445
742,36.91760881542699
103,36.78945831120553
775,37.019771615008146
838,37.963765333333335
772,37.13688542227003
295,38.02361821903788
706,38.1320434298441
776,38.23515420805018
424,37.450657894736835
326,38.46995696611082
584,36.944766505636075
487,37.54201657458564
488,36.959633077765616
964,37.1863286908078
712,38.33171225382932
7,37.38290584415585
934,37.29111771058316
104,38.496622551614614
98,37.92667873771341
232,37.676284796573874
679,38.089386973180076
260,38.45061833688699
230,37.15561738208797
872,38.09017214397496
73,38.14555676855895
457,38.027413232104124
745,37.23819270833332
136,35.93430684931507
265,36.4597889182058
610,36.834765171503946
518,37.22287272727273
841,36.270903119868635
484,37.191153846153846
904,36.36314612584505
937,37.63005860415556
169,37.26526590198124
40,38.89928417653391
358,36.23618969298246
649,39.59829478214093
740,36.343397050791914
362,37.112286821705425
554,37.386570964247014
1000,38.191144834930775
874,38.091866666666675
361,37.85713294180459
938,37.97874587458745
614,36.97285269709544
170,38.19554968287526
553,38.16121606334842
392,37.046587802313354
458,36.69315510852303
4,38.291876321353065
202,36.53839103869654
262,37.37626556016597
808,37.38429866666665
394,36.66944765912677
235,37.441497435897425
523,37.312322961373376
907,35.97634254143646
298,37.07929539295394
331,37.45274666666667
200,36.496477093206956
715,36.50102747252747
902,38.309046378322044
682,38.47201512695839
619,37.13867874267449
427,38.07799894681412
74,38.31890841320554
328,38.833577728776184
811,38.278304628632945
998,38.74680781758958
652,37.70128881987577
236,37.56255005268704
650,36.673173491379316
332,37.779920466595975
43,37.51219636776391
556,37.67240179573513
680,36.60747138397503
44,36.57843783209351
139,38.18424258760107
490,38.31427707531611
844,37.283091997822545
422,38.43277481323372
716,37.24816030123721
296,36.453113869400966
266,36.643506493506486
460,38.54383001049319
973,38.08091831286707
685,37.69269669017905
589,37.97586508753864
428,37.54659018143008
301,36.68557598702002
778,38.11544959128066
877,37.157084010840094
616,36.38473712446352
268,37.87674331550803
205,38.317738801942795
397,35.89902179988821
172,37.82406120331951
746,37.58781167806417
781,37.770241805480936
968,37.80473224043716
14,37.30283377308707
878,37.146355795148246
524,37.41027012711864
238,36.0898190526876
109,36.27388630490955
110,37.734617055947844
586,37.07110201854883
430,35.276922669491526
493,37.0726209896683
908,36.81767937219731
974,37.2756486042693
520,37.96478665207877
142,35.91741969457608
13,37.51274406332454
970,37.449489337822676
748,39.585938018815725
814,38.03142345110087
463,37.59417571059431
79,36.602942176870755
847,36.60524126455907
334,39.10386240520044
271,37.31693898655635
8,37.01153264975715
620,37.05051042810099
367,36.4266039763568
10,38.87364699627859
46,37.341709677419345
751,36.80545659526494
175,37.71764135702747
718,35.99115679824561
364,36.93162280701755
943,35.74546267087276
106,36.347989528795814
112,36.03010678056594
496,37.61110389610389
302,37.200910534674435
400,37.21488
655,38.8337219251337
656,38.449656810982056
140,37.71507077856422
848,36.64394070080863
559,36.56440509131157
910,37.40885744794448
304,38.65830905306972
842,38.37453318942255
464,38.07644432194047
76,37.37221190606226
590,37.63176783812567
560,38.71218567639257
529,36.43865263157895
241,37.07331702011963
817,36.562520150456734
592,36.58696223316913
625,37.33003325942351
622,36.38971175166298
49,38.31193259610322
940,37.48314444444445
752,38.1439
913,37.88626745435017
145,36.409496591504976
272,39.18133698630137
398,37.33155555555556
721,37.457038888888896
812,39.05766861391397
530,37.79812258420762
370,36.260930851063826
880,36.95854973821988
722,37.80864338866628
433,35.68150051387461
818,36.53845257021729
686,37.647540725170785
754,35.41837271750806
337,36.880512143611405
368,36.416065310492506
946,36.70072276716572
658,37.18075144508671
206,36.89440658716639
176,35.26210468920393
50,37.89633891213389
691,38.535720500271886
883,37.79633351439435
211,38.17536506219577
914,38.2794120819849
979,38.50140487299119
784,37.679923705722075
403,38.444866023579856
494,37.79675
466,36.43955291454442
499,37.92617145899894
307,36.59068119891008
146,36.8319011406844
16,37.814955567171985
115,35.44398538504778
526,36.48441079295154
884,37.45475382003396
788,38.573211517165
338,38.73631911532386
916,37.63354098360656
787,37.00411422527764
212,37.081596730245224
976,37.79429547844373
52,36.35563070316694
19,36.46913019989196
242,39.05232133261687
148,37.15489628820961
782,36.48231496062991
596,37.50357380688124
595,38.26974165769644
688,38.62135363790186
626,37.37069436850738
820,37.020208768267224
181,37.802997214484684
565,38.438171683389065
853,37.34285554935861
340,37.22584786053883
949,38.6768093385214
434,37.217448603057456
757,36.89456475583864
944,37.035586829527354
436,38.47921956295526
85,36.78990628445425
661,36.38017391304347
404,37.044796573875786
562,37.07370495495496
373,39.05589257503949
80,37.04262054507338
470,37.42540897097625
950,38.49638766519823
244,38.44094072865688
22,38.80142061281337
277,37.80243320068221
662,36.85822657490737
850,36.645829255029916
182,37.28974169741697
469,36.38143175487466
116,38.100984293193726
406,36.82164179104478
208,36.32886920270975
310,37.59873538788524
274,37.276015625
308,38.245560321715814
278,37.46133992311916
247,35.49176312968917
439,36.275126715945085
727,38.21056103896104
790,37.5348177496038
823,37.80879366812226
500,37.66645195353748
343,37.150497461928936
82,37.28912663755458
374,38.70615673644659
919,36.92504939626783
631,36.153663956639555
214,37.79669109947645
980,36.9711294619073
535,36.98231681034482
178,36.07390539053905
184,36.07929577464789
280,37.13907558455682
118,37.10547518479409
760,37.0423320994183
55,37.81804891606449
376,38.43545554335895
20,38.025831001678796
152,37.31366612111293
151,39.57020942408376
566,37.08269070010449
856,37.00245661605206
344,38.6552677122769
628,37.50987020010816
598,38.60647764449292
568,37.58233351092169
889,37.1417745302714
313,38.11041573033708
697,38.40881418740075
248,36.64459694989107
601,36.6154296875
86,37.662254487856394
505,35.69596491228071
724,37.5715105263158
664,36.557552966101696
25,36.382024507192334
985,38.3296511627907
952,37.22449298813376
886,37.21570205479453
217,36.779275599128546
532,36.52412777777779
314,37.805540166204985
506,37.4383543609435
56,37.29945112388917
698,37.636650589496256
793,37.10674282678003
442,38.13848087431694
854,37.97667372881356
986,35.886070430408054
409,38.3578249475891
728,36.89727173318753
794,37.73672818791946
692,38.966640042598506
58,37.89159366754617
121,37.6940398063475
982,37.40657422512235
440,36.20720412595004
602,36.53568552774755
475,37.296797783933506
571,37.3542864424057
763,37.77012910166755
410,38.012671999999995
667,37.656001031991735
920,36.649212555066086
187,37.01631051752923
694,36.26078346028292
346,38.22570585077831
91,36.201416666666674
955,37.44830168204015
538,37.40256948085998
88,38.360145821648906
283,37.73314564158094
502,35.99773454157782
220,37.090936842105265
380,38.11846898121799
26,36.542618522601984
412,35.5119957081545
379,36.96921970116215
476,37.10390455531453
536,36.28351566648964
316,37.52737747653805
859,37.832692307692305
154,37.54247154471545
188,36.26288677130045
758,36.09512181916623
508,37.142530633990404
472,38.00808112324493
730,37.90422431865829
28,36.64303430079156
829,37.68614958448754
541,36.22203116304952
253,38.15361111111111
284,38.125885619100494
445,37.46559203444565
826,38.515806629834245
61,36.18170448256779
824,37.2636013215859
892,38.99099727520435
157,37.08512261580381
637,36.300167658193615
988,36.22334223171382
250,38.71042763157896
733,36.788900634249465
632,37.77931165311653
638,35.987779011660194
190,37.57922950819672
604,35.76874599786552
958,36.647727754237295
349,37.27406892718178
542,36.155872931126524
922,37.94133333333335
62,37.50432326621923
925,37.92790874524715
668,37.29911220043573
926,38.13410416666666
766,38.282585391487125
122,38.24537429013939
764,37.78653971708379
286,37.412605321507755
895,37.29849762783341
703,36.168740661686236
607,36.543619147816926
94,37.07171924290221
511,38.107205642973405
92,37.6402467191601
991,36.53094308943089
634,36.94242903930132
574,37.794302261445125
415,37.663213703099515
319,38.18310048361097
734,37.39448418869881
956,37.61611198325484
223,35.50804004214964
218,35.78478527607361
512,36.497122186495176
800,39.12853078116916
862,36.2268712656165
352,38.29526864035087
31,37.62029508196721
544,37.33872717508056
700,37.85693015701137
992,36.892883670125606
127,36.22117805271652
446,37.00632998413538
256,38.10458067940552
890,37.483894150417825
896,37.44564060803475
799,36.71907329842931
572,36.59505991285403
830,36.3536329588015
704,36.97644565217391
97,37.03169021454737
289,37.11486942328617
385,37.99987716359576
32,37.747817232375986
1,36.07301333333333
478,37.75533765532144
193,37.06936859147329
124,36.502650933040606
448,37.601556503198296
865,36.661084642676144
577,37.89746133333333
416,37.22290860215054
670,37.01387387387387
481,36.55958100558659
796,37.79049488972566