578,36.6578125
802,36.18424259055981
224,37.52929399367755
770,36.858443579766536
961,35.73434782608696
482,37.89280869104399
158,38.189853658536585
34,38.265257841573636
769,36.87422102425875
128,38.366572343833425
194,37.648224695283524
860,38.04008161044614
898,37.17222584147666
673,37.33048484848484
254,36.70964845862629
160,37.540160753880265
418,37.64692939244663
547,38.47820342730789
355,36.655545691906
451,37.535437100213215
2,38.03094981111711
739,36.35842597688498
352,37.548885298869145
835,36.90978413383702
862,36.54866943866944
226,36.67654970760234
259,37.527408036219576
67,39.62423975090813
386,37.66817659352143
832,36.80010042283299
931,35.640425996723096
286,37.148347324239246
292,36.5262144772118
388,37.51666310160427
994,36.580631469979295
836,37.95980198019801
163,38.248324235807864
676,36.85615755627011
320,38.29592967501331
548,37.575449134199125
643,38.41488020833333
866,36.47709590517242
68,37.2817622523462
164,37.71567421790723
800,38.21490526315789
514,36.65081445523193
100,37.33896186440678
229,36.30094488188976
805,36.82904308897594
709,35.78541902604757
868,37.46298633017875
613,37.24873650107992
130,38.45263537906138
517,36.1378230184582
544,37.84372231226364
452,37.18546153846153
901,36.496422505307855
133,36.212396288209604
644,37.15190941842512
962,36.05987958401752
37,37.90098209441129
608,37.42241115363586
262,36.54864850427351
38,35.93512114537446
932,35.90652217741936
614,35.94722457627118
325,36.31279435702658
806,38.897281767955796
674,37.02107625743645
550,37.32351851851851
997,36.95282838983051
356,38.68307274701412
710,38.09912280701755
,18.928527795296876
70,38.463275109170304
421,37.300491803278696
322,36.61421024828315
772,36.91490607734807
166,38.0233975387908
967,36.88668136714443
871,37.22286983795086
391,37.38036624203822
838,38.53477997799779
583,38.502820655191556
640,37.35671563483736
580,36.75016750418761
199,36.011876955161625
290,37.32823746701847
742,37.87978237214364
103,37.48090716180371
775,38.13836152219874
134,37.34683591662212
4,36.73806892778993
295,37.6830935640887
706,37.28837955410549
328,37.82048898441699
424,37.296231263383305
326,38.13318423855165
104,38.05220183486238
487,37.44922955974843
584,37.46679276315789
964,37.724622222222216
488,37.06093048128342
7,37.17917491749175
934,36.71619718309859
712,38.409398410896706
98,38.19922501336185
232,38.08709548313322
679,38.47117956819379
196,38.31223013698631
230,37.555230352303525
872,38.11568700265253
73,37.18384156266957
457,38.37604861503675
745,37.81921107628005
1000,37.0559381778742
265,35.435764397905764
610,38.395320145757424
998,35.79612480335605
841,37.75293303818484
484,38.06333518621456
808,37.66562675660483
937,37.60403433476396
169,36.533530713890414
40,37.64747157552789
358,38.37149094781683
649,37.262850924918396
260,37.60787245739417
362,39.01187326292385
554,38.74449671772429
200,37.66349917081261
874,37.476545749864655
361,37.683872141372134
938,38.42444686648502
646,36.308865363735066
458,37.31699882766705
553,37.68916204217536
296,37.419371927908244
170,37.93607062780268
740,37.50903459821427
202,36.68452091053468
454,37.40654320987654
904,36.68735970069483
394,36.684240301724124
235,36.15872998932764
523,38.37104043126685
907,36.390899526564965
682,36.752360282148665
331,37.82977395048439
136,38.34007042253521
715,36.051795007966014
902,36.738196271929816
298,37.60269099201823
619,36.88597652081109
427,37.949
74,38.731282877079984
776,38.29350974930362
811,38.81229023746702
518,37.32920045688177
364,37.77619651347068
236,36.99627081021088
650,37.891156893819335
460,37.70215408805031
43,36.61505958829903
748,37.394536138079836
680,37.14763172804533
44,37.34150964187327
139,37.943275488069425
778,36.99547567567568
716,36.58686836518047
422,38.29646095030039
556,36.83829021372329
968,37.50132647536546
266,37.579686503719444
652,37.11595148247978
973,36.90589450788472
685,37.86312060573281
589,35.81358208955224
332,38.49598864223026
301,36.844558189655174
490,36.42515392781316
877,37.010055248618784
616,36.11518419647624
844,37.622422709387294
205,36.3637527593819
397,36.06041042706601
268,35.915232113599124
746,36.83389551391255
781,36.773293084522514
8,37.196762942779294
14,37.13001627780792
878,37.476172907489
172,38.56407830342577
46,38.46445714285714
109,36.479755844155854
910,36.32610348468849
586,37.31593017196457
430,38.11911461162412
493,35.27178361006965
908,38.12411730879815
782,37.516443243243245
520,37.947552376085845
142,37.20273629242819
13,35.714382022471916
970,38.439258658008654
524,37.03535849056603
814,37.86959648215209
463,36.554743792921286
79,37.128240043057055
847,36.72912878787878
206,38.04774002157498
271,36.74597866666666
392,36.687742998352554
620,38.4057087912088
367,37.743505869797225
10,36.85505996573386
686,37.36260626398211
751,37.718705692803425
175,37.3194046306505
718,37.04066630552547
428,37.058239472349065
655,37.67532040926224
106,37.083830601092906
112,36.71764412416851
496,37.95260140616549
334,37.64269124931206
400,38.01356107660455
943,37.41916979110873
656,36.84506439979392
140,38.1741703539823
848,37.90975409836066
559,37.02314004376368
622,36.16846454494696
304,37.61108899944721
842,35.38997243660419
464,36.40243051771117
76,37.59063738618104
974,37.4644705882353
368,37.37464079706344
241,36.77982825484765
817,38.490670241286864
529,37.81094725511302
592,37.313315098468266
625,37.55085483870968
302,37.268766133195655
49,37.6057698721512
940,37.52329073482428
752,36.01673272629887
913,37.390835565077666
145,36.84570189701896
272,37.00734082397004
238,36.898719447396395
721,38.16176889375684
812,37.24712372790573
946,37.67699138858988
370,37.60203305785124
880,37.233347755543534
722,36.84979902227051
433,36.43770833333333
818,36.68924634420698
110,38.48520225294419
754,37.270278093076044
337,36.60911908646004
784,36.15259490084985
530,36.78950238221281
658,38.125176342919154
590,38.04228959749086
176,36.44405729166666
50,35.72584976025571
691,38.22206932773108
883,36.93684210526316
211,37.41731375747688
914,37.14559504577276
979,36.96218143681174
976,36.37653150684932
403,38.75354245538129
494,37.05813756613757
146,36.21120626631854
499,37.279317937701386
307,36.45341786108049
466,36.63238696109358
208,36.92830107526883
115,36.343618890719384
526,37.025485411140586
212,36.76245837957824
916,38.03704978813559
338,38.6616127348643
788,37.75097782831154
787,36.93184565569347
820,36.53858061060525
560,36.80861321776815
52,38.11227712137487
19,37.552200956937796
242,37.64489481785531
148,36.33651059085841
398,37.58886869871044
596,36.58152960526316
595,39.20249865951743
688,37.06838533114395
626,36.380230855855864
884,36.66717277486912
181,36.81400647948165
565,37.73286588759042
853,37.92542051003798
340,37.78683544303798
949,36.0657271762208
434,37.13829799426934
757,38.62695509309967
944,37.18638331573389
404,39.51817630853995
85,36.33726065301604
661,37.041795735129064
436,37.2084114162628
562,37.67753715498938
373,38.17080558539205
80,35.242720084343695
950,37.250348773841964
118,36.59693020719739
244,38.60577486910995
22,38.28665019220208
277,38.87398239254273
662,35.81251054852321
850,38.24293987865416
182,38.0976
469,37.02542631578948
116,37.07456379498364
790,37.77046391752577
16,37.48777896995708
310,37.92989888238425
274,37.263357461024505
308,37.878829268292684
278,37.44245439469321
247,38.32953301127215
439,37.26258337744839
727,37.65289117487818
406,37.9901257202724
823,36.512473572938696
500,38.34011671087533
343,37.157132791327896
82,36.09566352026653
470,37.809539989545215
919,37.571051212938
631,38.052145899893496
566,38.76089695675388
980,37.262339743589735
535,36.90948731501057
178,38.23765369430344
856,37.5003251599147
280,38.12470939706681
86,38.23222102425876
568,39.75686542669585
55,38.64103563474387
536,36.99779020234292
20,38.4967296996663
56,37.93068658280922
151,38.2950452368281
214,37.95475079533404
952,36.46117391304348
664,37.595153677277715
628,37.365280777537805
374,38.04691680261011
344,38.935063897763584
889,37.92093415869443
313,37.82301204819278
697,36.97759645464025
88,37.36666845206212
601,38.66629195524773
886,37.64620940649496
505,37.587094668117516
724,37.140904012188926
632,38.044182009468706
25,36.947021873247344
985,37.13638948497854
248,37.73578446909667
598,38.2799044078598
793,37.32982182628063
532,37.475736392742796
314,37.8074115755627
506,36.785732104121486
920,38.37296784396416
250,37.72697520661157
217,37.73026198439241
442,38.77155648099949
854,38.283247394404825
346,37.75411046202868
409,37.585819540843566
152,37.90346193415639
794,37.8605220228385
692,37.559014859658774
122,38.453055555555565
121,37.29324152542373
982,36.35744034707158
728,36.80041147807255
602,38.530089335566714
475,37.051861993428254
571,36.503584705257566
763,38.09195735374523
58,36.261800433839475
667,38.234367693942616
376,38.51724750277471
187,37.57404875463699
694,37.25236154649947
634,37.262941492216854
91,34.70053215077606
955,38.47367290748898
538,36.79262527233116
184,37.03990338164251
283,36.61074193548387
502,37.0111214953271
220,35.76545551982851
892,37.8295053400787
410,38.59746687864336
412,37.36500534188034
379,36.785790313996806
476,36.12354644808744
472,37.43181065700983
316,38.31341093665403
859,37.6863611713666
154,37.104499999999994
380,37.16248491497531
758,37.12538503253796
508,37.37646195652173
440,37.07659527732016
986,38.30679401993355
28,38.31911048158641
829,37.587916451779265
541,37.59297312750142
253,37.12306320907618
188,36.78187401574804
445,37.83439393939394
826,38.38543277082199
61,37.02234019501625
824,39.22508771929825
668,36.73800641368253
157,37.11566575342464
637,37.16923289183223
988,37.34457372654156
698,37.635415335463264
733,35.785306339904096
760,36.50448537378115
766,36.28748499727223
190,37.02272727272727
604,37.00174762702401
638,37.94142307692308
349,36.493861746361745
830,37.365884795018175
922,38.2232056338028
62,36.36494889725659
925,36.80065180102915
572,37.74421653971708
926,36.50888528138529
542,36.36477020602219
26,36.64520935290919
764,37.691756097560976
670,35.51125622578859
895,36.76232982844494
703,38.53880258899676
607,37.67429805615551
94,37.23799254526091
511,36.51542949756889
92,37.49984590860786
991,36.36091050988554
730,36.89982334047109
350,37.03547293603062
415,36.02449668141592
319,37.968052155401814
734,37.19391578947368
956,37.79737750556792
223,38.38911098527746
218,37.4545264847512
512,37.518600953895074
416,37.398963282937366
382,37.57356004250797
64,38.09389666307858
31,38.51691384950927
928,35.568178553104154
700,37.12990313390313
992,37.87339276066991
127,38.97446390658175
958,37.17009569377989
256,37.247455947136565
890,37.4927965179543
896,37.509960937500004
799,37.92501888828928
284,36.40520799567802
574,38.91986784140969
704,36.18251950947603
97,36.60787832310839
289,36.78884573894284
385,37.43462341946125
32,38.03181043663472
1,36.45540913921359
478,37.475394304490706
193,37.37513454146073
124,37.75443579766537
736,38.454715138361365
865,38.45104887424492
577,37.660581270182995
448,37.31013368983959
446,36.101930851063834
481,37.80193965517242
796,36.427358597285064