770,1052928.0
866,1091520.0
224,1069632.0
226,1042560.0
961,1081152.0
962,1101888.0
158,1127808.0
322,1065024.0
769,1089216.0
128,1100160.0
194,1099008.0
956,1100736.0
898,1064448.0
673,1123200.0
670,1086912.0
160,1075392.0
418,1094976.0
547,1051200.0
355,1101888.0
451,1081728.0
2,1049472.0
739,1067904.0
352,1050624.0
835,1073088.0
574,1044288.0
578,1051776.0
259,1051776.0
67,1080576.0
386,1084608.0
832,1083456.0
931,1087488.0
958,1087488.0
292,1068480.0
196,1106496.0
994,1082880.0
164,1035072.0
163,1060416.0
676,1050048.0
320,1135872.0
740,1054656.0
643,1108224.0
482,1052928.0
388,1090944.0
836,1035072.0
640,1077120.0
514,1098432.0
100,1069056.0
229,1065600.0
805,1099584.0
709,1101888.0
868,1065024.0
613,1099008.0
130,1125504.0
517,1073664.0
448,1080576.0
452,1042560.0
901,1071936.0
133,1063872.0
644,1098432.0
674,1055808.0
37,1080000.0
608,1037376.0
262,1110528.0
710,1070208.0
932,1082304.0
614,1110528.0
325,1102464.0
806,1059264.0
610,1091520.0
550,1094976.0
997,1064448.0
356,1113408.0
70,1111104.0
,12777408.0
358,1050624.0
421,1074816.0
802,1062144.0
772,1070784.0
166,1032192.0
967,1052352.0
871,1057536.0
391,1071936.0
838,1080000.0
583,1093248.0
544,1072512.0
580,1146240.0
199,1060416.0
290,1054080.0
38,1070784.0
103,1084608.0
775,1059264.0
134,1065024.0
260,1080576.0
295,1125504.0
706,1034496.0
776,1101888.0
520,1052928.0
902,1105344.0
424,1050624.0
487,1042560.0
584,1073088.0
964,1033920.0
488,1051776.0
7,1064448.0
742,1045440.0
712,1052928.0
98,1113408.0
232,1075968.0
679,1052352.0
4,1089792.0
934,1066752.0
296,1067328.0
73,1055232.0
457,1062144.0
745,1105920.0
200,1093824.0
265,1091520.0
34,1050048.0
998,1060992.0
841,1052352.0
484,1123200.0
904,1107648.0
937,1081152.0
169,1104768.0
40,1070208.0
230,1086912.0
649,1070784.0
548,1086336.0
362,1040256.0
554,1063296.0
1000,1081728.0
874,1080000.0
361,1078848.0
938,1047168.0
646,1086912.0
458,1088064.0
553,1018368.0
392,1095552.0
170,1089792.0
68,1073088.0
202,1131264.0
454,1065024.0
8,1067328.0
394,1094976.0
235,1123200.0
523,1073664.0
907,1042560.0
298,1062720.0
331,1080000.0
104,1088064.0
715,1048320.0
326,1070784.0
682,1066176.0
619,1081152.0
427,1093824.0
74,1081728.0
328,1044864.0
811,1070208.0
518,1108800.0
364,1050624.0
236,1093248.0
650,1069056.0
460,1097856.0
43,1014912.0
556,1026432.0
680,1107072.0
812,1084608.0
139,1068480.0
778,1056960.0
716,1070784.0
422,1079424.0
844,1058112.0
968,1054080.0
266,1064448.0
652,1112832.0
973,1078848.0
685,1061568.0
589,1118592.0
332,1086336.0
301,1065024.0
490,1047744.0
877,1062720.0
616,1073664.0
268,1077120.0
205,1067328.0
397,1030464.0
172,1110528.0
746,1094976.0
781,1071936.0
136,1051200.0
14,1091520.0
878,1068480.0
908,1027584.0
590,1081728.0
109,1114560.0
110,1060416.0
586,1055808.0
430,1087488.0
493,1059264.0
524,1087488.0
974,1052352.0
872,1104192.0
142,1093824.0
13,1091520.0
970,1026432.0
620,1049472.0
814,1124928.0
463,1114560.0
79,1016064.0
847,1038528.0
238,1082304.0
271,1113984.0
808,1080000.0
428,1079424.0
367,1071936.0
10,1083456.0
686,1096128.0
751,1021824.0
175,1069632.0
718,1050624.0
44,1084032.0
655,1077120.0
106,1100160.0
112,1078848.0
496,1064448.0
622,1039104.0
880,1100160.0
943,1095552.0
656,1090944.0
140,1139328.0
752,1094400.0
559,1040832.0
302,1088064.0
304,1107072.0
842,1067328.0
464,1044864.0
76,1054656.0
206,1014336.0
560,1085760.0
241,1059264.0
817,1071936.0
529,1094400.0
592,1052352.0
625,1039104.0
398,1114560.0
49,1093824.0
940,1036800.0
208,1105344.0
913,1072512.0
145,1098432.0
176,1056384.0
782,1097280.0
721,1036800.0
748,1040832.0
562,1022976.0
946,1115712.0
400,1080000.0
722,1006272.0
433,1120896.0
818,1086912.0
494,1105920.0
754,1072512.0
337,1090944.0
368,1075968.0
370,1082880.0
658,1096128.0
334,1063296.0
272,1051200.0
338,1093824.0
691,1059264.0
883,1060416.0
211,1065024.0
530,1043136.0
979,1111104.0
784,1056960.0
403,1074816.0
46,1071360.0
466,1017792.0
499,1081728.0
307,1056960.0
146,1060416.0
848,1068480.0
115,1024704.0
526,1046016.0
212,1056960.0
788,1040256.0
914,1067904.0
340,1090368.0
787,1089216.0
820,1103616.0
976,1095552.0
52,1073088.0
19,1066176.0
50,1101312.0
148,1055232.0
910,1078848.0
596,1037952.0
595,1070208.0
688,1021248.0
626,1053504.0
916,1054080.0
181,1033920.0
565,1033344.0
853,1032768.0
884,1017792.0
949,1036224.0
434,1092672.0
757,1085184.0
944,1084608.0
404,1075968.0
85,1044864.0
661,1059840.0
436,1107072.0
242,1071936.0
373,1093824.0
80,1099008.0
406,1041984.0
118,1090944.0
244,1059264.0
950,1046016.0
277,1013184.0
22,1033920.0
850,1059264.0
662,1088064.0
469,1033920.0
308,1074240.0
598,1056384.0
16,1101888.0
182,1092672.0
274,1105920.0
116,1100160.0
310,1084032.0
247,1074816.0
439,1090944.0
727,1108800.0
470,1091520.0
823,1055232.0
500,1090944.0
343,1134720.0
82,1055232.0
374,1073088.0
919,1049472.0
631,1062720.0
566,1102464.0
980,1081152.0
535,1069056.0
178,1047168.0
632,1062720.0
280,1059264.0
86,1090944.0
760,1089216.0
55,1036224.0
568,1081152.0
20,1029312.0
536,1084608.0
151,1100160.0
886,1009152.0
856,1062144.0
344,1065024.0
628,1065024.0
758,1063872.0
56,1101888.0
889,1103616.0
313,1025280.0
697,1088064.0
88,1027008.0
601,1032192.0
214,1100160.0
505,1083456.0
724,1094400.0
664,1087488.0
25,1081152.0
985,1089792.0
248,1057536.0
790,1090368.0
217,1057536.0
532,1036800.0
314,1039680.0
506,1050048.0
952,1067904.0
698,1074816.0
793,1084032.0
442,1054080.0
854,1087488.0
986,1030464.0
409,1099008.0
152,1055808.0
794,1029888.0
692,1081728.0
410,1080000.0
121,1070784.0
982,1059264.0
728,1053504.0
602,1058688.0
475,1039680.0
571,1130112.0
763,1070784.0
122,1115712.0
667,1116288.0
920,1046016.0
187,1035072.0
694,1058688.0
634,1055232.0
91,1105920.0
955,1061568.0
538,1098432.0
376,1049472.0
283,1063872.0
502,1080576.0
220,1094400.0
860,1066752.0
730,1099008.0
412,1073664.0
379,1040832.0
892,1056960.0
472,1107648.0
316,1104768.0
859,1048320.0
154,1062720.0
476,1062144.0
278,1048896.0
508,1081152.0
440,1060992.0
346,1073088.0
28,1091520.0
829,1039680.0
541,1035072.0
253,1016064.0
380,1012032.0
445,1070208.0
826,1042560.0
61,1040832.0
824,1046016.0
668,1057536.0
157,1056960.0
637,1065024.0
572,1057536.0
250,1050624.0
733,1089792.0
184,1063296.0
766,1096128.0
190,1054080.0
604,1079424.0
862,1060416.0
349,1036224.0
254,1092096.0
922,1054080.0
62,1029888.0
925,1060416.0
284,1037376.0
926,1105920.0
350,1022976.0
26,1044864.0
764,1058688.0
446,1089216.0
895,1092672.0
703,1079424.0
607,1094976.0
94,1095552.0
511,1061568.0
92,1097280.0
991,1062720.0
58,1091520.0
830,1076544.0
415,1059264.0
319,1071936.0
734,1111104.0
988,1078848.0
223,1093248.0
218,1032768.0
512,1074816.0
64,1021824.0
286,1039104.0
800,1113408.0
31,1054080.0
736,1043136.0
700,1063872.0
992,1054656.0
127,1070784.0
638,1037376.0
256,1085184.0
890,1033920.0
896,1060992.0
799,1100160.0
188,1027584.0
382,1031040.0
704,1059840.0
97,1100736.0
1,1080000.0
385,1031616.0
32,1103040.0
577,1080000.0
542,1078848.0
193,1067328.0
124,1049472.0
928,1058688.0
865,1136448.0
289,1058688.0
416,1071360.0
478,1066176.0
481,1031040.0
796,1070784.0