578,4.062716928E7
866,4.015670976E7
224,3.958077887999999E7
770,3.749686271999999E7
961,3.854339712E7
962,3.8361404160000004E7
158,4.1929125120000005E7
802,4.0005596160000004E7
769,4.154557823999999E7
128,4.131143424E7
514,3.891254976E7
668,4.050125568000001E7
898,3.952452672E7
673,4.1424854400000006E7
286,3.9541668480000004E7
160,3.900725567999999E7
418,3.964988735999999E7
547,3.953723328E7
355,3.973847616E7
451,4.098549312E7
2,3.8820908160000004E7
739,3.9654812160000004E7
800,4.4346222720000006E7
835,3.994294464E7
350,3.880335167999999E7
226,3.9825768959999986E7
259,3.884901119999999E7
67,4.243023936E7
194,4.298343551999999E7
832,3.9279139199999996E7
931,3.76560576E7
670,3.8681539199999996E7
292,4.0162412160000004E7
644,4.15230336E7
994,3.7953884160000004E7
164,4.002950592E7
163,3.874174272E7
676,4.039007615999998E7
320,4.302082367999998E7
548,3.884025024E7
643,4.179094272E7
482,4.069610496E7
356,4.067565695999999E7
836,3.9851712E7
928,3.976547904000001E7
130,4.309930944E7
100,3.958339968000001E7
229,3.85671744E7
805,3.972927167999999E7
709,3.906070848E7
868,4.0545619199999996E7
613,3.953079935999999E7
386,4.1911251839999996E7
517,3.9529301760000005E7
736,3.831236928E7
452,3.897971712E7
901,3.8580134400000006E7
133,3.9563395199999996E7
388,3.9830745599999994E7
674,4.02096096E7
37,4.129363007999999E7
608,3.81332736E7
262,4.0959066239999995E7
70,4.064453567999999E7
932,4.0066565760000005E7
646,3.861836352E7
325,3.970139904000001E7
806,3.867114816000001E7
610,4.11624576E7
550,3.9944390400000006E7
997,3.951428544E7
740,3.790458432000001E7
710,4.111633728E7
,2.4153346367999995E8
358,3.9330938879999995E7
421,3.998625408000001E7
322,4.089487104E7
772,3.829945536E7
166,3.923356032000001E7
967,3.864759552E7
871,4.041230976E7
391,3.9663072E7
134,3.909180096E7
583,4.0590616320000015E7
640,4.069796544E7
580,3.939060095999999E7
199,3.966174143999999E7
290,4.111141823999999E7
38,3.88805472E7
103,3.878702784E7
295,4.112302464000001E7
838,4.1436420480000004E7
196,4.112554752E7
775,4.125783744E7
706,3.8902394879999995E7
328,4.025295935999999E7
104,3.998635776000001E7
326,4.211232192E7
424,3.8220439680000015E7
487,3.868753535999999E7
584,3.969176256E7
964,3.927625920000002E7
488,3.960696384E7
7,3.810561408E7
742,3.851934912E7
712,4.029668352000001E7
98,4.232240064E7
232,3.898681344E7
679,4.084034112E7
4,3.973599936E7
934,3.9574949760000005E7
872,4.110322752000001E7
73,3.933737856E7
457,3.922503552E7
745,4.252500288000001E7
136,3.982347071999999E7
265,3.9707573760000005E7
34,4.134495167999999E7
518,3.927679488000001E7
841,3.9010124160000004E7
484,4.006878911999999E7
8,3.9789797760000005E7
937,3.915787967999999E7
169,3.959909567999999E7
40,3.962331072E7
230,3.9358172160000004E7
649,3.961184256E7
260,3.9341969279999994E7
362,4.0120997760000005E7
554,4.097343744E7
200,4.009472063999999E7
874,4.061623104E7
361,4.135252031999999E7
778,3.935180736E7
614,3.987039167999999E7
938,3.8852835839999996E7
553,3.975241536E7
968,3.990835008E7
458,3.7846938239999995E7
68,3.943913471999999E7
170,4.007461247999999E7
454,3.7988795519999996E7
904,3.914388864E7
202,4.052934143999999E7
235,4.1626552320000015E7
523,3.928502016E7
907,3.793691520000002E7
394,3.760895231999999E7
331,4.0723413120000005E7
1000,3.734986176E7
715,3.7115902080000006E7
902,3.9173616E7
298,3.840907392E7
619,4.0389523199999996E7
427,3.879298943999999E7
682,4.099751424000001E7
776,4.0457203199999996E7
811,4.186516032000001E7
998,3.919349376E7
428,4.197411648E7
236,3.910370112E7
74,4.079740032000001E7
652,4.150741248E7
43,3.8416636800000004E7
556,3.870020736E7
680,3.637209024000001E7
44,3.8387082239999995E7
139,4.0109483519999996E7
650,4.155849792E7
716,3.934281024E7
422,4.153227264E7
460,4.097314943999999E7
296,3.924211391999999E7
266,3.896342207999999E7
364,3.9704250239999995E7
973,3.8602627199999996E7
685,4.085521344E7
589,4.2271637760000005E7
332,4.296960575999999E7
301,3.894504767999999E7
490,3.975975936000001E7
877,3.862994688E7
616,3.81721536E7
844,3.864465792E7
205,3.935264256000002E7
397,3.723916032E7
268,3.828970367999999E7
746,3.74334624E7
781,3.8868261120000005E7
808,3.842371583999999E7
14,3.95553312E7
878,3.9367013760000005E7
172,4.167820223999999E7
814,4.427932032000001E7
109,4.09536288E7
110,4.126685183999999E7
586,4.00842432E7
430,3.972169728E7
493,3.8879683199999996E7
908,3.9024564480000004E7
974,3.964359743999999E7
520,4.152904704E7
142,4.080339648E7
13,3.92964192E7
970,3.884404607999999E7
524,4.069464192E7
590,4.08712896E7
463,4.118573952000001E7
79,3.71216736E7
847,3.9519699839999996E7
238,3.947377535999999E7
271,4.038285888E7
392,3.874594175999999E7
748,4.0653636480000004E7
367,4.148653824E7
10,3.999560256E7
622,3.857086656E7
751,3.9415541760000005E7
175,3.844297728E7
718,3.886267392E7
620,4.028426495999999E7
943,3.999563135999999E7
106,4.124225088E7
112,3.8746857599999994E7
496,4.010612544E7
302,4.227280704000001E7
688,3.830258304E7
655,4.080659904E7
656,4.1721540480000004E7
140,4.0882659839999996E7
208,4.1073292800000004E7
559,3.8269866239999995E7
782,4.021854912E7
304,3.9488428800000004E7
842,3.886383743999999E7
464,3.761109504E7
76,3.765492288E7
206,3.991108607999999E7
368,3.934485504E7
817,3.8531514239999995E7
241,3.678484032000001E7
529,3.89621664E7
592,3.781793663999999E7
625,3.907594368000001E7
910,4.035206592E7
49,4.089486528000001E7
940,3.941722943999999E7
880,3.967956863999999E7
913,3.9414147839999996E7
145,3.8978156160000004E7
848,3.926206656E7
398,3.895436159999999E7
721,3.961861632000001E7
812,4.3003163519999996E7
946,4.1244336E7
370,3.9567041279999994E7
400,4.108162752E7
722,3.816272448000001E7
433,4.0191511680000015E7
818,3.8567779199999996E7
494,4.037303808E7
754,3.752791488E7
337,3.8056602239999995E7
752,3.956381568000001E7
914,4.004341631999999E7
658,4.0469731199999996E7
334,4.1238593279999994E7
176,3.889624896E7
50,3.984970176000001E7
691,4.290293376E7
883,3.978651456E7
211,4.0339699199999996E7
530,3.812735808000001E7
979,4.1013573120000005E7
784,3.8420064E7
403,4.296834431999999E7
46,3.9727860480000004E7
466,3.810837312E7
499,4.00280544E7
307,3.750117696000001E7
146,3.8189491199999996E7
560,4.021107264000001E7
115,3.628903104E7
526,3.894717312E7
212,3.841861824E7
340,4.180595904E7
338,4.1854757760000005E7
788,3.811104E7
787,4.036755456000001E7
820,3.902903999999999E7
272,4.0706259839999996E7
52,3.939081408E7
19,3.936079295999999E7
242,4.279660992000001E7
148,3.701524608E7
686,3.8051994239999995E7
596,3.978687167999999E7
595,4.278846528000001E7
976,3.967231104000001E7
626,3.749918400000001E7
916,4.04037216E7
181,3.993132671999999E7
565,3.9794371199999996E7
853,3.88505664E7
884,3.845210688E7
949,3.908648448E7
434,3.859048512E7
757,3.860232767999999E7
944,4.1192363519999996E7
436,3.917003328E7
85,3.826118016E7
661,3.747694464E7
404,3.9589436160000004E7
562,3.935515391999999E7
373,4.16604096E7
80,3.996930240000001E7
470,4.0869659519999996E7
950,4.002022656E7
244,4.1192467199999996E7
854,4.220234495999999E7
277,4.313886912E7
22,4.029884928E7
850,3.9361962239999995E7
662,3.936878208000001E7
469,3.729867264E7
116,3.984093504000001E7
790,4.157816832000001E7
16,3.949665407999999E7
182,3.945184703999999E7
274,3.897139392000001E7
308,4.184522495999999E7
310,4.010222591999999E7
247,4.1492309760000005E7
439,4.0423288320000015E7
727,4.151236608000001E7
886,3.706510464E7
823,3.842931456000001E7
500,4.1489763839999996E7
343,4.1235747839999996E7
82,3.886360128E7
406,4.16347776E7
919,3.922474752E7
631,4.06593216E7
118,3.895173504000001E7
980,3.915034560000001E7
535,4.045796352E7
178,3.879619776E7
760,3.9569564160000004E7
280,3.889714752E7
566,4.238421119999999E7
536,3.982567104E7
55,4.02825888E7
56,4.065458688E7
20,4.140214272E7
568,4.1182848E7
151,4.147605504000001E7
86,4.0208659199999996E7
856,4.007253312E7
920,3.950979264000001E7
628,3.983654016E7
758,3.9400300800000004E7
344,4.177456704E7
889,3.999394944E7
313,3.923961984E7
697,4.001294016E7
248,3.9925584E7
601,3.948985728000001E7
214,4.219370495999999E7
505,3.7426780800000004E7
724,4.334610816E7
632,4.13876736E7
25,3.8594332800000004E7
985,3.949944767999999E7
952,3.791333952E7
598,4.0748636160000004E7
793,3.868592256000001E7
532,3.9451927679999985E7
314,4.044348288E7
506,3.783807936000001E7
664,4.025466432000001E7
698,4.015832256E7
217,3.962100671999999E7
442,4.2909626879999995E7
374,4.0134124800000004E7
346,3.9403595519999996E7
409,4.133670336E7
152,4.0482357120000005E7
794,4.022415360000001E7
692,3.947690304000001E7
410,4.1083862400000006E7
121,3.95080704E7
982,3.893448384E7
824,4.1437820160000004E7
602,3.8707395839999996E7
475,3.919134528E7
571,4.0923843839999996E7
763,4.0690886400000006E7
26,3.758211072E7
667,4.1040051839999996E7
88,3.965573376E7
187,3.9209852160000004E7
694,3.8614083839999996E7
634,3.941243712E7
91,3.738313728000001E7
955,4.012998336E7
538,3.963279168000001E7
184,3.9471932160000004E7
283,3.928777344E7
502,3.641640768E7
220,3.843568511999999E7
124,3.798467136E7
730,4.081892544E7
412,3.800783808E7
379,3.8142403199999996E7
476,3.851730432000001E7
472,4.2506006400000006E7
316,4.1889876480000004E7
859,3.798984384E7
154,4.0312396800000004E7
892,4.159277567999999E7
278,3.9833700480000004E7
508,3.957254208E7
440,3.835415808E7
986,3.955465152E7
28,3.865040064E7
829,3.999328704E7
541,3.755138688E7
253,3.837203712E7
380,3.7476218879999995E7
445,4.1027379839999996E7
826,3.9670323839999996E7
61,3.883476672E7
728,3.927895488E7
796,3.80479392E7
157,3.949121087999999E7
637,3.8265004800000004E7
572,3.825359424E7
250,4.0730451839999996E7
733,3.8648597760000005E7
376,4.094679168000001E7
766,3.964391999999999E7
190,3.931103807999999E7
604,3.742296768000001E7
638,3.8882684160000004E7
349,3.995767296E7
382,4.0103907839999996E7
922,3.8544451199999996E7
62,3.838972031999999E7
925,3.758379264E7
284,4.010257728E7
926,4.052996928E7
542,3.928436928E7
122,4.1109148800000004E7
764,3.912545088E7
446,3.7870732800000004E7
127,4.147546752E7
703,4.0377939839999996E7
607,4.0158276480000004E7
94,3.9283269120000005E7
511,3.862299456E7
92,4.130539776E7
991,4.012566336000001E7
58,4.048865856E7
574,4.070501568000001E7
319,4.130892288E7
895,3.9542883839999996E7
734,4.1917708800000004E7
988,4.023922752E7
223,4.033206144E7
218,3.737092607999999E7
512,4.038420095999999E7
352,4.0094208E7
254,3.980524608E7
416,3.764616768000001E7
31,4.069773503999999E7
448,4.034923200000001E7
700,3.963171456000001E7
992,4.028511167999999E7
799,4.0103884800000004E7
958,4.071286080000001E7
256,4.019177663999999E7
890,3.804031295999999E7
896,3.888922175999999E7
415,3.6328752E7
188,3.843270143999999E7
830,3.963713471999999E7
704,3.747750911999999E7
97,4.112892864E7
289,3.9755404800000004E7
385,3.963403008E7
32,4.141854144E7
1,3.958541567999999E7
862,3.945958848E7
193,3.8909664E7
956,4.090165056E7
544,3.9331946879999995E7
865,4.1138870400000006E7
577,4.055310144E7
64,4.0209955199999996E7
478,3.816300095999999E7
481,3.928296384E7
860,3.919269888000001E7