770,3.839620032000001E7
898,3.811158144E7
224,3.8944281599999994E7
226,3.9078195839999996E7
961,3.729067776000001E7
322,4.102632E7
158,4.049371008E7
34,3.907082304E7
769,4.1913688319999985E7
128,4.242766464E7
514,4.0138940160000004E7
956,4.0735872E7
866,4.083880896E7
673,4.028438592E7
286,4.04355456E7
160,3.853358208000001E7
418,3.912539904E7
547,3.931165440000001E7
355,3.969188928E7
451,4.173060672E7
2,3.886233408E7
739,4.039219008E7
352,4.188199104000001E7
835,3.983552064E7
574,4.036292352000001E7
578,3.9045945599999994E7
259,3.881394431999998E7
67,4.1388549120000005E7
194,4.18873536E7
832,3.9824588160000004E7
931,3.85330176E7
670,3.8911656959999986E7
932,3.926903616E7
644,4.188844224E7
994,3.852756288E7
676,4.054840704E7
163,3.835835712E7
484,4.05984096E7
320,4.332735935999999E7
740,3.7901652480000004E7
643,4.126987008E7
482,3.952282176E7
388,3.897911807999999E7
836,3.869520192E7
800,4.384610495999999E7
130,4.307683391999999E7
100,4.068761472E7
229,3.835677888E7
805,3.884683392E7
709,4.024623744E7
68,3.836083967999999E7
613,4.061913407999999E7
386,4.10143104E7
517,3.9990954239999995E7
928,3.9617510400000006E7
4,4.089064895999999E7
901,3.947090112E7
133,4.0198003199999996E7
164,3.900776832000001E7
962,4.068801792000001E7
37,4.117757184E7
608,3.822168960000001E7
262,4.061151359999999E7
38,3.8942496E7
868,4.0172163839999996E7
518,3.959540352000001E7
325,4.0132425599999994E7
806,3.9419136E7
674,3.896417088000001E7
326,4.147558848E7
997,3.976054271999999E7
356,4.0540124160000004E7
70,4.060316735999999E7
,2.4054795648000002E8
710,4.100107392E7
421,4.203182591999999E7
802,4.074371136E7
548,3.8421878400000006E7
358,3.915014976E7
967,3.850498944E7
871,3.978895103999999E7
391,4.021898688E7
838,4.097154816E7
583,4.047878592E7
640,4.0231059839999996E7
292,3.964601088000001E7
199,3.887957952E7
290,4.007857535999999E7
742,3.756312576E7
103,3.919772736000001E7
775,4.029855552E7
134,3.8560659839999996E7
772,3.888308736E7
295,4.147687296E7
706,3.805558271999999E7
776,4.1993815679999985E7
328,3.991038336E7
646,3.769992576000001E7
424,3.819582144E7
487,3.880916352E7
584,4.008028032000001E7
580,4.095998783999999E7
488,3.8317196160000004E7
7,3.784711104000001E7
934,3.897632448E7
712,4.016397888E7
98,4.341951935999999E7
232,3.932089344E7
679,4.037522112E7
260,4.032958464E7
230,3.924608832000001E7
520,4.0912876800000004E7
73,3.9037253760000005E7
457,3.9996005760000005E7
745,4.10116032E7
1000,3.9968259839999996E7
265,4.02616224E7
610,4.019810688E7
998,3.9802118400000006E7
841,3.8585162879999995E7
964,3.877384896000001E7
392,3.885493824000001E7
937,4.004661312E7
169,4.0873968E7
40,4.07271456E7
550,4.080560831999999E7
649,4.031093952E7
196,4.235827392000001E7
362,3.942344448E7
554,3.960904896E7
200,3.956948928000001E7
874,4.141758528000001E7
361,3.934315584E7
938,3.8528547839999996E7
614,4.0452917760000005E7
170,4.038459264E7
553,3.8024697599999994E7
904,4.143070656E7
458,3.897122112E7
452,3.8577052800000004E7
202,4.133904767999999E7
454,3.831521472E7
8,3.933942336E7
394,3.936134592E7
235,4.084092288E7
523,3.905432063999999E7
907,3.827790144E7
298,4.032216000000001E7
331,3.989300544E7
136,3.7703001599999994E7
715,3.674609856E7
902,4.1004869760000005E7
682,4.0442688E7
619,4.078295424000001E7
427,4.021747200000001E7
74,4.053041856E7
104,4.067049024E7
811,4.136986367999999E7
166,4.000367808E7
652,4.2104666879999995E7
236,4.060469376E7
650,3.955943232000001E7
332,4.165797888E7
43,3.865336704000001E7
556,3.8803829760000005E7
680,3.874850496E7
44,3.884600448E7
139,4.0273764480000004E7
778,4.051907712E7
716,3.954549312E7
422,4.074390143999999E7
844,3.8977050239999995E7
296,3.891696767999999E7
266,3.957651072E7
460,4.093603200000001E7
973,4.0123733760000005E7
685,4.057412544E7
589,4.229982144E7
268,4.023348480000001E7
301,3.927761856E7
490,4.0284656640000015E7
877,3.9405467519999996E7
808,3.906772991999999E7
172,4.214672064E7
205,3.962950848E7
397,3.6905627519999996E7
524,3.971145600000001E7
746,3.975719616E7
781,4.012052544E7
968,4.0024224E7
14,4.058107199999999E7
878,3.784423104000001E7
908,3.898454976E7
814,4.203823104E7
109,4.008934655999999E7
110,4.025670912E7
586,4.077620352E7
430,3.743415936E7
493,4.015579967999999E7
748,4.11898176E7
974,3.958540992000001E7
872,4.055302656000001E7
142,4.046361984E7
13,4.049126208E7
970,3.8974193279999994E7
364,3.893985215999998E7
590,4.088825855999999E7
463,4.0433114879999995E7
79,3.7518526080000006E7
847,3.742721280000001E7
238,3.91039776E7
271,4.148066880000001E7
616,3.9742358400000006E7
620,3.965338944E7
367,4.0148726400000006E7
10,4.068506304000001E7
686,3.9273212160000004E7
751,3.918311424000001E7
175,4.014351360000001E7
718,3.7819572480000004E7
428,4.099719744E7
943,3.958943040000001E7
106,3.989187072E7
112,3.839859072E7
496,3.963218112E7
622,3.802968E7
400,4.106964095999999E7
655,4.184976384E7
656,4.11814656E7
140,4.0804588800000004E7
848,4.019726592E7
559,3.811484735999999E7
302,4.086089856000001E7
304,4.10016096E7
842,4.1185987199999996E7
464,3.924137088E7
76,3.8877148800000004E7
206,3.980892672E7
368,4.0325523839999996E7
241,3.8259861120000005E7
817,3.9095424E7
529,3.900436992E7
592,3.835659456000001E7
625,3.975808896E7
398,4.0537290239999995E7
49,4.0727957760000005E7
940,3.926069568000001E7
752,4.109603904000001E7
913,4.015497600000001E7
145,3.9333093120000005E7
560,4.151225664E7
782,3.881293056E7
721,3.930294528E7
812,4.1365347839999996E7
370,3.952430208000001E7
914,4.040854271999999E7
208,4.124343167999999E7
722,3.799847807999999E7
433,3.841978176E7
818,3.943774656000001E7
494,4.144864895999999E7
754,3.678382656E7
337,3.9971237760000005E7
976,4.092905088000001E7
530,3.755867328E7
658,4.0000867199999996E7
334,4.1257635839999996E7
176,3.78122112E7
50,4.032032831999999E7
691,4.173295104000001E7
883,4.0144481279999994E7
211,4.000366656000001E7
338,4.089729599999999E7
979,4.158880128000001E7
784,3.950843903999999E7
403,4.134417408000001E7
46,4.007409407999999E7
146,3.9903995519999996E7
499,4.008806208000001E7
307,3.783544704000001E7
466,3.7008702720000006E7
880,4.038212736E7
115,3.6009204480000004E7
526,3.8437683839999996E7
916,3.998351808E7
212,3.8596245120000005E7
946,4.108345343999999E7
788,3.8905205760000005E7
787,4.008252096E7
340,4.115456064000001E7
272,4.092395328E7
52,3.927600576E7
19,3.84967296E7
242,4.2327331199999996E7
148,3.7578297599999994E7
910,3.987326016E7
596,3.916330559999999E7
595,4.081647744E7
688,3.8882597760000005E7
626,3.8286259199999996E7
820,4.0194593279999994E7
181,3.9903356160000004E7
565,4.1043323519999996E7
853,3.928343615999998E7
404,3.9646961279999994E7
949,3.989558592E7
434,3.869220672E7
757,3.919234752000001E7
944,3.945154176000001E7
436,4.13224704E7
85,3.635195904E7
661,3.78566784E7
244,4.081402367999999E7
562,3.829692672E7
373,4.296596544E7
80,3.995669376E7
854,4.173928704E7
118,3.9559749120000005E7
308,4.058289792000001E7
22,4.129585344E7
277,4.096119743999999E7
662,3.993320448E7
850,3.988741248000001E7
182,3.9884250239999995E7
469,3.722214528E7
116,4.110911424000001E7
598,4.1680275839999996E7
16,4.1213756160000004E7
310,4.042214208E7
274,3.880323072E7
500,3.990062592E7
278,3.9217824E7
247,3.9356196480000004E7
439,3.95745984E7
727,4.285338047999999E7
470,3.998295935999999E7
823,3.95364096E7
980,3.9844074239999995E7
343,4.101097536E7
82,3.930095807999999E7
374,4.138477632000001E7
919,3.8517419519999996E7
631,3.904470144E7
566,3.967281792000001E7
20,4.050603071999999E7
535,3.98688768E7
178,3.895057728E7
856,4.040475264E7
280,3.918143808E7
86,3.950123904E7
568,4.0706697599999994E7
55,3.959661888E7
536,3.915972288E7
628,3.965880383999999E7
56,4.085018496E7
151,4.297418496E7
214,4.142499263999999E7
376,4.001893056E7
952,3.849579647999999E7
724,4.256138304000001E7
886,3.688122816E7
344,4.115465856000001E7
889,4.1580259199999996E7
313,3.862712448E7
697,4.225483007999999E7
248,3.977402687999999E7
601,3.8338266239999995E7
790,4.1699093760000005E7
505,3.777648192E7
532,3.8072275199999996E7
632,4.1132580480000004E7
25,3.914510399999999E7
985,4.0368758400000006E7
88,3.777948864E7
406,3.942859968000001E7
217,3.981792384E7
692,4.0712244480000004E7
314,4.0310939519999996E7
506,3.915625535999999E7
920,3.7976780160000004E7
698,4.077887040000001E7
793,3.876054336E7
442,4.234305599999999E7
950,3.929331456E7
986,3.779406143999999E7
409,4.212615168000001E7
152,4.012209792E7
794,3.882807936E7
884,3.8110965120000005E7
58,4.020735168000001E7
121,3.991124736E7
982,3.793704192E7
728,3.905350272E7
602,3.848656895999999E7
475,3.903254208E7
571,4.1108054400000006E7
763,4.0668860160000004E7
26,3.782359296000001E7
667,4.12524864E7
664,3.979193472E7
187,3.774671424E7
694,3.8836730879999995E7
346,4.0640348160000004E7
91,3.815917056E7
955,3.925608767999999E7
538,4.018854528E7
184,3.828567168000001E7
283,3.983202431999999E7
502,3.8375942400000006E7
220,3.898767167999999E7
892,4.209133248E7
410,4.116886848E7
412,3.799101312E7
379,3.861913536000001E7
380,3.8064746879999995E7
472,4.263094656000001E7
316,4.01648544E7
859,3.8985068160000004E7
154,3.999636288E7
476,3.841463232000001E7
758,3.899155392E7
508,4.015120896E7
440,3.695070528E7
730,4.034135807999999E7
28,3.97779552E7
829,3.797483903999999E7
541,3.741596352E7
253,3.870857664E7
188,3.7008132480000004E7
445,4.143961728000001E7
826,3.8212974720000006E7
61,3.793891967999999E7
824,4.026332736E7
796,3.9670922879999995E7
157,3.898619136000001E7
637,3.8165339519999996E7
668,3.977660735999999E7
250,4.084256448E7
733,3.938194368000001E7
760,4.028924736E7
350,3.823132608E7
190,3.961634688E7
604,3.686466815999998E7
638,3.7501211519999996E7
349,3.87268416E7
382,3.8825827199999996E7
922,3.9012076800000004E7
62,3.854185343999999E7
925,3.939463872E7
572,3.8517765120000005E7
926,4.187308608E7
542,3.870650304000001E7
122,4.159722240000001E7
764,3.899138112E7
446,3.892375296000001E7
895,4.124607552E7
703,4.0357941120000005E7
607,3.9262752E7
94,3.9640003199999996E7
511,3.9741960959999986E7
92,4.081681728E7
991,3.824105471999999E7
634,3.864305088E7
862,3.85041024E7
415,3.9231273599999994E7
319,4.140131904000001E7
734,4.163390207999999E7
988,3.950707968000001E7
223,3.982638528E7
218,3.771576576E7
512,3.981172608E7
416,3.916064448E7
254,3.955044096E7
64,3.911107392E7
31,4.021425792E7
736,3.89248416E7
700,3.895666559999999E7
992,3.950549567999999E7
127,3.886840512E7
958,3.931769664E7
256,4.0704266879999995E7
890,3.974757696E7
896,3.8242022400000006E7
799,3.9883852800000004E7
284,3.994228800000001E7
830,3.820875264E7
704,3.9250356480000004E7
97,4.125278592E7
289,4.007911103999999E7
385,3.913426944E7
32,4.061632895999999E7
1,3.774366144E7
766,4.189864896E7
193,3.997886399999999E7
860,3.926063231999999E7
544,3.917919744E7
865,4.155533568000001E7
577,4.0164624E7
448,4.003203456E7
478,4.079035007999999E7
481,3.798395712E7
124,3.771801792E7