,38.06879623940251
1,37.91166008670536
2,38.32605407595591
4,38.120349834514336
7,38.069689171058776
8,38.33467717081356
10,38.157324732817614
13,38.027303609831925
14,38.23103520005482
16,38.214494235160615
19,38.03992680544427
20,38.095752588169546
22,38.11080805246404
25,38.21066944952768
26,38.300597059000616
28,38.19051482855418
31,38.06284569756057
32,38.04988108453377
34,38.16816322358433
37,37.81838099073652
38,38.17967924951342
40,38.11499420646014
43,37.966919008136124
44,38.03350894586818
46,37.9382192620319
49,38.169765179528014
50,38.09044768377733
52,38.293807464217394
55,38.22600362271942
56,38.21597052233624
58,38.17384929461347
61,38.27299176423098
62,37.89726443885663
64,38.09734904431791
67,37.84705700400307
68,38.246785894489996
70,38.075123455665846
73,38.125947685982865
74,38.17397548126554
76,38.14376348708307
79,38.21748094794739
80,38.124910225838306
82,38.13432283652439
85,38.179140248233594
86,38.070053148864645
88,38.121347352531075
91,38.24901566829059
92,37.886935137343805
94,38.20644133539836
97,38.32735448706715
98,38.07023441993574
100,38.237843825463855
103,38.02315164678983
104,37.96581379746649
106,38.17700252600394
109,38.31197467471644
110,37.99435403179493
112,37.800366710180214
115,38.18909166023641
116,38.10258492224883
118,38.19135294606282
121,37.70370691192393
122,38.31682141145478
124,38.184416872295074
127,37.89931157759588
128,37.96541048279853
130,37.91152957129591
133,37.921112444782715
134,38.13607064172142
136,38.21696563667457
139,38.2478780765517
140,38.09059851073465
142,38.16091019303941
145,38.27049874065206
146,38.14385645001263
148,37.54913086318739
151,38.20470137833849
152,38.30778506270762
154,38.172507505518546
157,37.88311138251442
158,38.1531244079167
160,38.24270544494549
163,38.141326115991944
164,38.24222281497084
166,37.974031247124174
169,38.003543742489306
170,38.255107827200085
172,38.17819610508876
175,38.23883851704335
176,38.3123975678066
178,38.25809879800916
181,37.94799135841293
182,37.793200171179556
184,37.96129670734639
187,37.83595860065986
188,38.16654344284424
190,38.23715650487611
193,38.21042750303419
194,38.12317486427266
196,37.9500574647625
199,38.17603331539347
200,38.06386314796808
202,37.80300456491627
205,38.19135023681247
206,38.07307304321923
208,38.15073651557052
211,38.27434429202941
212,37.973786507162124
214,38.163149085815974
217,38.19076587020461
218,38.21452289067279
220,38.17909914952335
223,38.23494604903891
224,38.00896286355015
226,38.06100792604505
229,38.064166592324
230,38.249806517603226
232,38.174057326786034
235,38.116416286446004
236,37.94361066279062
238,38.30527407885925
241,38.16573027262427
242,38.11129751305869
244,38.17323460313566
247,38.14892883241356
248,38.10551963199163
250,37.89105325930214
253,37.509160972919595
254,37.768323004622005
256,37.666895184335715
259,37.67237010479594
260,37.85680423969389
262,37.896903320131685
265,37.49458224414286
266,37.39483631833094
268,37.77335257166781
271,37.82636556324148
272,38.05762417995494
274,37.68804047857447
277,37.75049185561674
278,37.417136022844645
280,37.790294139002604
283,37.34844813729145
284,37.66122439152643
286,37.44129561827335
289,37.95381843704393
290,37.743991223221855
292,38.125794009097646
295,38.04317503444132
296,37.64127966453822
298,37.71041958139809
301,37.76111035080417
302,37.72237275492549
304,37.602465107057114
307,37.65472556959044
308,37.4999426537105
310,37.5779851413873
313,37.47787156313196
314,37.77747157506049
316,37.75108669920114
319,37.80800030940231
320,37.645732985532305
322,37.861734009820495
325,37.91314913079321
326,37.66700342911575
328,37.58376904252133
331,37.653127087994356
332,37.37977254142235
334,37.696238166422155
337,37.77351203591324
338,38.00331512685454
340,37.42259107579698
343,37.907478425581864
344,37.59557712049976
346,37.79650166018436
349,37.85191844990446
350,37.802384865088065
352,37.66580450705765
355,37.898330722324
356,38.0510255184999
358,37.58380110049088
361,37.75492383466608
362,37.4403300306855
364,38.10118416199294
367,37.48202178238832
368,37.67139320267099
370,37.743900391733604
373,37.69431329390883
374,37.98302866673628
376,37.386202715386766
379,38.01509094674798
380,37.590725292076115
382,37.708391783138296
385,37.6116895833285
386,37.48073329751299
388,37.54120368649054
391,37.41931326751274
392,37.776345689118976
394,37.431192917680896
397,37.67303016077877
398,37.60914947954141
400,37.768369175632486
403,37.66074377674531
404,37.441517350238875
406,38.06167928519819
409,37.34391948895175
410,37.64531811965054
412,37.8503068063844
415,37.74953015142885
416,37.64453215746574
418,37.792515803281546
421,37.60888235262392
422,37.26551421916813
424,37.549467496850745
427,37.68905465107923
428,37.53415536920551
430,37.724196278238516
433,37.98131130754536
434,37.64072349174425
436,37.68810913671981
439,37.57775331803556
440,37.26311570851504
442,37.76976671997079
445,37.641926907904
446,38.00107972589969
448,37.51053759678344
451,37.484711184500384
452,37.34721146618839
454,37.88491375612923
457,37.47350785711211
458,38.063196592823026
460,37.73828607044948
463,37.736690602591594
464,37.542101395155875
466,37.75077617505152
469,37.83689945495159
470,37.767549390767584
472,37.6749202740287
475,37.657029724209835
476,37.5844892818481
478,37.515001661839854
481,37.836436623072
482,37.505969202136264
484,37.76634620685574
487,37.54007240808277
488,37.81705025076408
490,37.578228648717804
493,38.02204970831897
494,37.472380900591894
496,37.78992136131241
499,37.99694106880178
500,37.97333374139448
502,37.70290822019921
505,37.614981678012064
506,37.65248394016395
508,37.73924616976873
511,37.851261969429544
512,37.704682152333405
514,37.61059196892584
517,37.786117456339355
518,37.4681893822221
520,37.64181380682706
523,37.76819591648384
524,37.85638301057003
526,37.892918141714354
529,37.73144301949292
530,37.87118780540186
532,37.804408368759454
535,37.59047516975744
536,37.790044032463705
538,37.7380370710325
541,37.810569485072264
542,37.81270804650817
544,37.619968904026884
547,37.73478988372219
548,37.85774754770018
550,37.654966328448786
553,37.88513848143412
554,37.88785110464698
556,37.728932441554974
559,37.73498017015526
560,37.793861251282934
562,37.63449337884893
565,37.61213899728655
566,37.71017004299143
568,37.75087281845526
571,37.864348795980355
572,37.76761914930386
574,37.91637057577824
577,37.908417438946906
578,37.82114313541217
580,37.878252977029774
583,37.69132426934591
584,37.68349252024737
586,37.76913385450914
589,37.76475787467115
590,37.8779093318015
592,37.80723033287655
595,37.839420631996546
596,37.82931423428201
598,37.778287212233266
601,37.77801062189789
602,37.60757069412734
604,37.900154571687516
607,37.816878032112925
608,37.56890928899613
610,37.824063791188664
613,37.66140417859333
614,37.833220188988065
616,37.81857758860853
619,37.952371701057366
620,37.87706213139137
622,37.83649706199518
625,37.88080449019325
626,37.897666990720055
628,37.67198973993161
631,37.73681214864224
632,37.673076215181716
634,37.604427033921276
637,37.68125270583168
638,37.932950794171205
640,37.531720754849395
643,37.77283379307049
644,37.63378699439259
646,37.920751907554475
649,37.46830538215394
650,37.789346746042526
652,37.96139757772813
655,37.86989535778282
656,37.63925821970977
658,37.717878086495425
661,37.68534678906417
662,37.99164108180628
664,37.744942636141374
667,37.89422220424797
668,37.71394556735977
670,37.812415481199984
673,37.80511163585082
674,37.76198498836578
676,37.68401821829416
679,37.59887152163516
680,37.667498300120975
682,37.518630063109434
685,37.74065007508265
686,37.785863964099775
688,37.82109318580907
691,37.763660500013685
692,37.79346170802385
694,37.88983764345921
697,37.99208164147727
698,37.84634450254216
700,37.70140304320781
703,37.80318747262549
704,37.678907981068676
706,37.659887401531456
709,37.73523658869067
710,37.95665280327009
712,37.82622579517671
715,37.7017561599208
716,37.61738803522486
718,37.711765610533575
721,37.712222923477974
722,37.705371220496495
724,37.70756599741551
727,37.78022699948003
728,37.80715267929929
730,37.69846115604021
733,37.64314874577137
734,37.846940341716774
736,37.7185233546566
739,37.75493451940059
740,37.909411190038576
742,37.623791506288725
745,37.88440646731926
746,37.67694499592153
748,37.74844552486228
751,37.45700598211419
752,37.82568140278332
754,37.92773285942986
757,37.667128892971625
758,37.63451347968757
760,38.08413550770494
763,38.39565105027902
764,38.28000137579143
766,38.29272363196524
769,38.35079353011756
770,38.37639381840782
772,38.56024514862432
775,38.400759257845586
776,38.131883844437155
778,38.30694516809711
781,38.29535413779706
782,38.222529317089005
784,38.40735034804998
787,38.262663112686056
788,38.23640822918427
790,38.186480485252915
793,38.17698559542867
794,37.96922670222687
796,38.29624755327781
799,38.37702363289901
800,38.47716775844376
802,38.458791557586615
805,38.388851636293566
806,38.24750073924744
808,38.669220190694304
811,38.325731804537746
812,38.23194987315141
814,38.09571452416228
817,38.29422556618855
818,38.33963535981381
820,38.267981816991046
823,38.09838671768451
824,38.3136539815914
826,38.37588984520308
829,38.43145973895239
830,38.33173167467194
832,38.20504422936474
835,38.53210550608505
836,38.32635562565567
838,38.05857796458023
841,38.28100792231167
842,38.30408400532792
844,38.46878602653402
847,38.409084657549606
848,38.22252723166581
850,38.381919621338554
853,38.187269952586206
854,38.28114423465753
856,38.29373236315088
859,38.441599588029405
860,38.42188692306874
862,37.95534545775701
865,38.25206222267012
866,38.313136821842306
868,38.23885119827361
871,38.156830778602114
872,38.18703891535525
874,38.23104252825683
877,38.150374627720254
878,38.25241239714625
880,38.21588399969276
883,38.51063808186778
884,38.3145221901791
886,38.22322058539615
889,38.19341961718246
890,38.24495390412784
892,38.14511609827523
895,38.23896563225196
896,38.42966313602816
898,38.277879174025244
901,38.413622490363935
902,38.273242174166235
904,38.15781873877709
907,38.22301840234469
908,38.37451986348288
910,38.34997784494481
913,38.36821432317558
914,38.486437849809874
916,38.3934392851939
919,38.43758651677311
920,38.37073708334719
922,38.439704053837545
925,38.63105423792285
926,38.40037147033449
928,38.22053365837993
931,38.28270893526384
932,38.27190036886904
934,38.026061689990954
937,38.21116203646331
938,38.32767369701163
940,37.98848477433111
943,38.30586398153301
944,38.53645920812873
946,38.450731589286775
949,38.47937834978381
950,38.10383958195191
952,38.38205656990851
955,38.21692611481017
956,38.48408775305722
958,38.300812416087986
961,38.20285461129392
962,38.480152753183994
964,38.39211487432178
967,38.19558778884207
968,38.34102326046624
970,38.274977170554685
973,38.37993951831226
974,38.317237195756476
976,38.19656080836048
979,38.4650799186773
980,38.11256446639726
982,38.104796280380334
985,38.197463209755405
986,38.42710500597575
988,38.35027522731054
991,38.23730984362199
992,38.46840450697231
994,37.98467851556427
997,38.150853175897
998,38.29122502835867
1000,38.199293565487224
