,37.73728142925554
1,37.72995639432796
2,37.72170916206844
4,37.75760105610023
7,37.75100472469969
8,37.741204561053614
10,37.72745733867069
13,37.699859156150026
14,37.73874040951812
16,37.72554287421104
19,37.73686621066705
20,37.72693418496889
22,37.728303512728885
25,37.75431209673858
26,37.764257318015474
28,37.70927018037754
31,37.74863501980399
32,37.74423907709599
34,37.733241320145595
37,37.71654053564975
38,37.74765622712028
40,37.72595648633231
43,37.719164518164476
44,37.726105450137354
46,37.729026637151826
49,37.73952645752739
50,37.74734957189204
52,37.7357242530808
55,37.74217410676147
56,37.749553081547724
58,37.711006354854156
61,37.74617105624605
62,37.75230849558315
64,37.751778879488654
67,37.701104962598116
68,37.73076672522873
70,37.731789117045146
73,37.720817496046536
74,37.729477917282125
76,37.729219309932
79,37.729230884283815
80,37.71412017340193
82,37.701047147797915
85,37.70978271365957
86,37.693571565010124
88,37.70845648032644
91,37.69036272560712
92,37.75908195550671
94,37.75036761508036
97,37.747077972581366
98,37.712133830764394
100,37.73862842024035
103,37.737505367522935
104,37.744832956583004
106,37.754167025734496
109,37.74399376404976
110,37.7328828734952
112,37.75897295472913
115,37.73607123938985
116,37.704911784760036
118,37.74730373464168
121,37.721756179869985
122,37.74217069573878
124,37.763725053690486
127,37.710647905672396
128,37.76749442249651
130,37.72487651530269
133,37.70967874700755
134,37.732603023456356
136,37.748207307709976
139,37.76724694633078
140,37.74515651351128
142,37.69840064280584
145,37.72817592737742
146,37.69667674555274
148,37.71635484384902
151,37.74217520696802
152,37.74245911839918
154,37.73732689651217
157,37.70494155860817
158,37.7358381395601
160,37.72595122468681
163,37.74958450189959
164,37.77745398608687
166,37.73144522285568
169,37.72167868602047
170,37.725204762521486
172,37.74695362711128
175,37.752809856205076
176,37.7484513457636
178,37.717317016257375
181,37.73642603191892
182,37.75617129559358
184,37.71249239479254
187,37.72076968703199
188,37.73198290253626
190,37.71510761011473
193,37.71680988254787
194,37.72796794554863
196,37.72313577006826
199,37.746965190514274
200,37.75009452950703
202,37.73466991333054
205,37.7382185413578
206,37.72555789590017
208,37.75078981449975
211,37.74472233552397
212,37.770430092589166
214,37.743537682905504
217,37.76573612705298
218,37.75359131175911
220,37.752289548073975
223,37.76838380421492
224,37.73396675127703
226,37.70260863247659
229,37.74500040266531
230,37.77980283720439
232,37.74237140929625
235,37.731535472716324
236,37.773856443937305
238,37.72849919310982
241,37.72391730291917
242,37.72583953419032
244,37.72836545888072
247,37.7098190968248
248,37.762773050930804
250,37.7349773292367
253,37.74915317974132
254,37.710484538044525
256,37.73007863946699
259,37.75030319686763
260,37.73473709885554
262,37.71707291870652
265,37.734035311171795
266,37.7647772696405
268,37.75930545533296
271,37.713838892469575
272,37.7155003040461
274,37.73018692106553
277,37.743717964644546
278,37.7623748473689
280,37.718178520619375
283,37.78262799339946
284,37.76434361011325
286,37.7169742398281
289,37.762715512780375
290,37.73608071421094
292,37.74519895974872
295,37.712972776819306
296,37.722997212830826
298,37.72501623499595
301,37.722997075670854
302,37.72975822350736
304,37.70028289537944
307,37.750081086855886
308,37.71577144926671
310,37.71898974042389
313,37.74436442044408
314,37.69820569039466
316,37.708627602822375
319,37.759230765676875
320,37.700588100013796
322,37.766291808232786
325,37.71659667968985
326,37.72665380903737
328,37.726969125848385
331,37.742227209062925
332,37.74880776335147
334,37.718119069703704
337,37.74205179745421
338,37.72790973545345
340,37.74291207449346
343,37.71812560539932
344,37.71533661838178
346,37.72006306172774
349,37.72039207341897
350,37.74455872336535
352,37.71610295244906
355,37.75764758148443
356,37.746707045060525
358,37.750155421470666
361,37.71343016569715
362,37.71880679880937
364,37.75541823793318
367,37.73170055584027
368,37.74885628122556
370,37.73984320142175
373,37.7558879539572
374,37.74604827985908
376,37.71314470008138
379,37.719097606337996
380,37.74253023410686
382,37.74359573779739
385,37.73698172256945
386,37.73113041989216
388,37.749914419898964
391,37.76383694459349
392,37.7417704062205
394,37.75516089386472
397,37.707098012349704
398,37.723149983194105
400,37.71222009190688
403,37.70044019451941
404,37.760193145836965
406,37.762604156763146
409,37.74968469667824
410,37.737144990164325
412,37.74060872997361
415,37.73802572437574
416,37.729283185449674
418,37.76193540260125
421,37.71993207813466
422,37.7678742138823
424,37.74327199644878
427,37.749787960117956
428,37.735284134374105
430,37.689807142729165
433,37.73307200908966
434,37.75553356303325
436,37.74187844997669
439,37.73880948921226
440,37.729936759352874
442,37.75137683185047
445,37.72628872082076
446,37.751907057096986
448,37.72465124532157
451,37.72203182931709
452,37.73574837314696
454,37.74231546705494
457,37.73304168408208
458,37.69350741968607
460,37.696225867202095
463,37.7435829159154
464,37.733944609132145
466,37.71433179455814
469,37.732313124061655
470,37.740632995037
472,37.7455944226419
475,37.71612825753229
476,37.72950183341279
478,37.76667943120508
481,37.729031355573476
482,37.72947644632415
484,37.720063147853125
487,37.75510084383861
488,37.7509904296782
490,37.71389807051753
493,37.72890838854062
494,37.6853825275283
496,37.72445707769427
499,37.73783987469085
500,37.7130982670643
502,37.73896775382856
505,37.739015028305985
506,37.779833306331824
508,37.75182625123041
511,37.718318844397565
512,37.75002629175332
514,37.734887050397354
517,37.74626866297073
518,37.74040403277042
520,37.72792775409385
523,37.69943707356919
524,37.72644421012028
526,37.698104700527885
529,37.75622719669929
530,37.72021001696275
532,37.71357930704572
535,37.746514292097686
536,37.759516660054935
538,37.73202748924306
541,37.721669951403136
542,37.76101146661855
544,37.70609741599076
547,37.75424486827214
548,37.7344675259709
550,37.741336077940865
553,37.723163969922346
554,37.71678234148725
556,37.74474853906993
559,37.741409333817366
560,37.72904374393498
562,37.73956517407183
565,37.72875173822379
566,37.734452486262875
568,37.71963360652942
571,37.70381519189107
572,37.73428062138273
574,37.74943596231335
577,37.72659890372824
578,37.708422088925815
580,37.73022411007287
583,37.761039859475
584,37.73792634164208
586,37.73290593775535
589,37.740623429842245
590,37.734541821699146
592,37.71088959023953
595,37.733726877861216
596,37.73427213098381
598,37.74238264669705
601,37.72809490301808
602,37.708868962377366
604,37.71422486279648
607,37.73049392479223
608,37.734303711669426
610,37.73777697504493
613,37.707082699188106
614,37.706449674853616
616,37.74705185594207
619,37.70873101968588
620,37.735623813042025
622,37.70435868669529
625,37.73642970784664
626,37.741254063792695
628,37.7507203865634
631,37.74381051865863
632,37.74128234009128
634,37.732060418461074
637,37.72617501873721
638,37.712569945600606
640,37.74981494242923
643,37.71276378246497
644,37.72055269276161
646,37.76510391633437
649,37.73662302058758
650,37.74061287363095
652,37.739970117325086
655,37.72011289519428
656,37.76889371076566
658,37.72840762076949
661,37.70319281305695
662,37.71360867060217
664,37.72533200975412
667,37.71795739446848
668,37.76291066359663
670,37.716782719357774
673,37.72370447133838
674,37.727808354893114
676,37.76468993060289
679,37.74984852597297
680,37.72441951935197
682,37.75200439342353
685,37.74554065835818
686,37.726385543529695
688,37.7453176169823
691,37.747718101789886
692,37.72518040634307
694,37.72302077260073
697,37.71228901426672
698,37.73042507693084
700,37.75501810068579
703,37.742381662053255
704,37.740549814062454
706,37.730778919649154
709,37.71887338715982
710,37.71851752478996
712,37.752554341140964
715,37.72833802012511
716,37.762320430261575
718,37.7513874577212
721,37.72832286136215
722,37.734225599733385
724,37.75443167413472
727,37.7215939191643
728,37.72291629985541
730,37.729904686994374
733,37.73191056935424
734,37.738724932989804
736,37.68798645865451
739,37.753918404759794
740,37.70490770239617
742,37.740520391839304
745,37.74348388490564
746,37.709456867086644
748,37.71521348281203
751,37.74851564331635
752,37.71124205874715
754,37.74838171468355
757,37.733043952828595
758,37.74819709695267
760,37.7285536047876
763,37.765765758452346
764,37.748526247942706
766,37.75550684413795
769,37.75460426911962
770,37.72316262174843
772,37.74531078732429
775,37.71097410930335
776,37.76115521199179
778,37.757946899162945
781,37.70894718747435
782,37.6969163256716
784,37.75289618866932
787,37.76539754226192
788,37.762015169953735
790,37.73476658784865
793,37.747015264131406
794,37.77749354021438
796,37.72492053697002
799,37.73031145919698
800,37.727015296314875
802,37.76429966955561
805,37.70715398788554
806,37.73118088981829
808,37.746098260836696
811,37.73422344129507
812,37.70235160030556
814,37.73991428238262
817,37.73142438807864
818,37.72130796015147
820,37.70442334606918
823,37.75090207204441
824,37.745835767878795
826,37.76537108980877
829,37.75480428384078
830,37.75900800939247
832,37.736628023909326
835,37.71379198316044
836,37.7660539597887
838,37.73591216997505
841,37.6803749124244
842,37.70578788893231
844,37.7143707614963
847,37.7368723152983
848,37.734488152895025
850,37.75144794226886
853,37.712277215232646
854,37.73438695019057
856,37.72106728465352
859,37.73242946485303
860,37.7331346109117
862,37.73075732764483
865,37.74242240500112
866,37.75134843056321
868,37.73418594631763
871,37.720968869692605
872,37.75252231517649
874,37.74103725777094
877,37.746435204141655
878,37.69670615744136
880,37.75059771048086
883,37.714150214502936
884,37.73138992157011
886,37.721363518740006
889,37.731871570635555
890,37.759110607005546
892,37.75368588458662
895,37.71653679341771
896,37.718616450876056
898,37.70608410078446
901,37.78082842819367
902,37.73673912490482
904,37.694965084873665
907,37.729600347200986
908,37.70135827580025
910,37.76323627166742
913,37.746924543843626
914,37.70963919878372
916,37.72938514368543
919,37.72337879048272
920,37.7291534795519
922,37.7777093203448
925,37.7360420557202
926,37.693210318892454
928,37.71251619916579
931,37.74948437014923
932,37.73836443017574
934,37.7535042029126
937,37.75309757163964
938,37.7657730003952
940,37.72749235820268
943,37.74476617598447
944,37.74774847748345
946,37.78080232326493
949,37.73598480736349
950,37.721213181754244
952,37.76587031351806
955,37.72676519291751
956,37.72650725533369
958,37.743777647134124
961,37.762871816671144
962,37.72945708727267
964,37.71440731715055
967,37.757362253029086
968,37.750869557502085
970,37.770487045179216
973,37.732305507778854
974,37.71726492136996
976,37.725904207437644
979,37.71625958815169
980,37.69961475028861
982,37.73767793100789
985,37.71364741081989
986,37.77009463424814
988,37.75702392465255
991,37.727838728505965
992,37.71724231698029
994,37.76877192688003
997,37.732935189380854
998,37.70759404051303
1000,37.73898046630905
