,38.534563127539656
1,37.98978244880599
2,38.25395106588405
4,38.21034456805576
7,38.2346715324291
8,38.76192937631468
10,38.098627101044855
13,38.11412467766349
14,38.416222576767694
16,38.10860473254773
19,38.46341273233272
20,38.62034754789723
22,38.2938696144916
25,38.551313810818044
26,38.59740565477854
28,38.61039388117613
31,39.88742752002705
32,40.249850665225
34,40.308169505866715
37,39.900219255635086
38,40.21162544493676
40,39.60639794873111
43,39.89155234038829
44,40.092074977797004
46,39.579233862301834
49,39.708976166716276
50,40.439975865960825
52,39.92764207290173
55,40.649227417492234
56,40.31427712336477
58,40.333555733614546
61,39.92617585060549
62,38.209110345384396
64,38.42640856505387
67,38.40715771132195
68,37.95559908517834
70,38.67661777730975
73,38.45352783520175
74,38.08959550023769
76,38.02362601842092
79,37.915545927115474
80,38.11982541277733
82,38.22879458852437
85,38.36661012487165
86,38.188864117056234
88,38.11324817430513
91,38.005479331964814
92,38.004488455115684
94,38.69318206092516
97,38.631540638081184
98,38.37292286262154
100,38.478326267482636
103,38.316291886469486
104,38.58138890753958
106,38.57443014318001
109,39.00115160196517
110,39.13351817274413
112,38.266880277546335
115,38.77644651443808
116,38.525168890518245
118,38.540678796964556
121,38.323213234834775
122,38.84980524922273
124,39.137787326346135
127,37.547897080126006
128,37.01838114321098
130,37.25160337190233
133,37.358813019721104
134,37.340594092659266
136,37.464850318690544
139,37.49897996754741
140,37.49549375925905
142,37.39872035971517
145,37.56300817863102
146,37.323584991213394
148,37.314203440991946
151,37.38333834099839
152,37.30054038823121
154,37.09703731604347
157,37.36985704318067
158,38.37506475350235
160,38.28399890387892
163,38.727819052030135
164,38.57841388701947
166,38.42001959344455
169,38.21542771232283
170,38.33526461212979
172,38.727449622981425
175,38.617964730634554
176,38.576538232826906
178,38.44223633309289
181,38.874644925548594
182,38.401635602641264
184,38.503197660015616
187,38.37109056119039
188,38.514493247929444
190,38.58950573481559
193,38.42755269341697
194,38.11921587983429
196,38.52157505544328
199,38.66774327080141
200,38.2532130425584
202,38.265946292866595
205,38.531253292653425
206,38.32064329093295
208,38.323452509199555
211,38.45718889553794
212,38.48623034122532
214,38.42064465607727
217,38.46279779034959
218,38.67853493752557
220,38.4755876581842
223,39.394646096537386
224,39.27937709627358
226,38.9214711475663
229,39.33072447946137
230,38.918994828050096
232,39.50991199459243
235,39.15888139840187
236,39.5125550703682
238,39.442587943112464
241,39.442203688745046
242,38.68635140039414
244,39.21590081142931
247,39.35928121920393
248,39.33983528941966
250,39.06289896052128
253,39.20499880800306
254,38.004148148671305
256,37.738549257340665
259,37.88772098621736
260,38.115095998870565
262,37.68808925262307
265,37.85418530703826
266,38.092690212611295
268,38.03367378930483
271,37.792956231736376
272,37.878100039151256
274,38.06475318617968
277,38.11425490443196
278,37.70770355290979
280,37.94423503898739
283,37.67116888548059
284,37.779503513750555
286,38.7727073663223
289,39.09171617254199
290,38.91170903007091
292,39.375252798621005
295,38.863884862028655
296,38.88605691627476
298,38.95038440707766
301,38.90202983203347
302,39.06939489926183
304,38.920577901687864
307,38.83966680700666
308,38.89421959759877
310,38.95048805347728
313,38.96698365424005
314,38.669993855358015
316,39.04222097721411
319,37.911963011655615
320,37.9572973322791
322,38.00734065908358
325,37.799320046252696
326,37.620419846940656
328,38.08427942029798
331,37.628234321043166
332,37.602254271783295
334,37.50542813775477
337,38.0649240602228
338,38.11506257678232
340,37.523396428012745
343,37.98414999710358
344,37.57034196291137
346,37.89971971806474
349,37.89684217160695
350,38.52174996985101
352,38.47481824691895
355,38.62075939650469
356,38.93860323323359
358,38.33850288718328
361,39.07479042536454
362,38.08810897731125
364,38.68537008528499
367,38.3326386694028
368,38.38202168335793
370,38.65081966144709
373,38.55592498980653
374,38.71703944480187
376,38.268301998235906
379,38.45884744571684
380,38.06671715142425
382,37.88373674699928
385,38.03933758554336
386,37.778522945218526
388,37.66620675458484
391,37.462114283085725
392,37.70600717815858
394,38.233506655223096
397,37.81418373289941
398,38.145840625159224
400,37.91221613229925
403,38.04819723238883
404,37.649787904312035
406,38.39059385384784
409,37.70510735814641
410,37.58943692652713
412,37.901991232693945
415,37.16345010888995
416,36.76869666330303
418,37.465577298854186
421,37.032504028952594
422,36.90050297394554
424,37.06474064250157
427,37.17199001714169
428,37.111934881225466
430,37.50966738814487
433,37.39934832824909
434,37.30898326067725
436,37.06150128960778
439,37.135846443043015
440,37.17145950847265
442,37.44269871837103
445,37.1639546870287
446,38.955807191213395
448,38.28759687227298
451,38.78868595879758
452,38.11567994979705
454,38.8071389583417
457,38.376455262633556
458,38.61550311968703
460,38.648165528747505
463,38.17301704364686
464,38.2685940872779
466,38.749260395167425
469,38.38332696476383
470,38.75868010209797
472,38.31204786818871
475,38.39066236063885
476,38.64777852882218
478,38.67982114544339
481,38.488705292119725
482,38.21398913812945
484,38.71189040999935
487,38.407474961137694
488,38.59997437644314
490,38.59007135399342
493,38.76915654566438
494,38.17567042593087
496,38.414555991656854
499,38.50998848922335
500,38.81443453737269
502,38.50273418604294
505,38.42297319113401
506,38.31456193558582
508,38.35362689531869
511,38.96258919302203
512,38.76576837999366
514,38.96277628055985
517,38.72246497672331
518,39.18209686898486
520,38.96425848444287
523,38.83035669822505
524,38.967142673433834
526,38.831854847500274
529,38.80918609217018
530,38.813367382526515
532,39.00268449671136
535,38.65244391346536
536,38.84647362312555
538,38.7286759748067
541,38.364875209604435
542,38.81929644469971
544,38.685466418497
547,38.544303890439025
548,38.587541497214865
550,38.66648591605158
553,38.88081149269702
554,38.80887271249193
556,38.41897638509148
559,38.85061605141673
560,38.6818752209792
562,38.37653309773858
565,38.5855980787994
566,38.77949556887208
568,38.786231517012304
571,39.093365129457425
572,38.73861852964048
574,37.79968959723957
577,38.40371404909022
578,37.895925229381554
580,38.0809125741467
583,37.84786607600172
584,37.51388116175542
586,38.187312112910995
589,38.271348240578504
590,37.70112519432543
592,37.87918479926014
595,37.454884058121294
596,37.698417542031336
598,37.70064051539808
601,38.201549283230506
602,37.857263137808914
604,38.01677820642886
607,38.17994331812779
608,37.845106830975766
610,38.29832615359875
613,38.299233491842806
614,37.89776714426494
616,38.07882621059437
619,38.13337343262655
620,38.05363099083523
622,38.07879781796105
625,38.02976046495745
626,38.1447263655342
628,38.266952323922766
631,38.025550730798464
632,37.803138239758525
634,37.8338344131578
637,37.90401940571466
638,38.15122768677002
640,38.4810278656968
643,38.37078066975289
644,38.16005197025755
646,38.635662163445524
649,38.09292473769516
650,38.32369138954209
652,38.47766726929301
655,38.00614418396601
656,38.47672225158718
658,38.24062895607815
661,38.46816872326195
662,38.648355925633226
664,38.30914635066786
667,38.246789340018864
668,38.3250771613179
670,38.05722939766851
673,38.52671814502278
674,38.573140223144
676,38.903509486349996
679,38.59031790143209
680,38.525136832524105
682,38.464797857103235
685,38.528880689494805
686,38.54698289178659
688,38.31388288166331
691,38.47247542386881
692,38.53186147739464
694,38.484150592942534
697,38.77066127130368
698,38.29626855037178
700,38.62206454096499
703,38.06401092914706
704,38.13057111456676
706,38.46650937779017
709,38.43347106896748
710,38.31432685709109
712,38.23714036702682
715,38.00101481553524
716,38.16947385190803
718,37.95973175076951
721,38.15083171572428
722,38.18019406191577
724,38.027157212105784
727,38.18504077525119
728,38.42139949708497
730,38.17655642999789
733,38.23733013077274
734,38.69165227920081
736,38.25664519557854
739,38.32506094170675
740,39.241585910259055
742,38.62075238589879
745,38.6676609906154
746,38.5553026329209
748,38.30160385821835
751,38.441523698871045
752,38.32102449190749
754,38.518396928635575
757,38.560443634886646
758,38.40517386310215
760,38.35301558148823
763,38.42701152392996
764,39.03966703266632
766,38.313827734588116
769,38.41431486520238
770,38.22885058567932
772,38.54682472658287
775,38.244382680572684
776,38.288722334118326
778,38.55001923768363
781,38.34963269539729
782,38.21794996653855
784,38.46730907947175
787,38.1567478875152
788,38.033536840076664
790,38.17377416153334
793,38.30395585528569
794,38.10268531313548
796,38.05115575068551
799,38.07855090947833
800,38.26600011070433
802,38.13456348372778
805,38.00787846413396
806,38.15899657661899
808,38.47864925984721
811,38.5742828971102
812,38.33249154072665
814,38.111139962188155
817,38.024784209825654
818,37.782900988765256
820,38.24563646076355
823,38.30448155664007
824,38.17867369313713
826,38.00669443111882
829,38.56832633433473
830,38.486404776375075
832,37.81385916471427
835,38.42198322705968
836,38.24308726973389
838,38.141177896043615
841,38.0648730894375
842,37.604272156438334
844,38.07471263677999
847,38.336192849186894
848,38.40485244774182
850,38.330375305939235
853,37.77987664191214
854,38.31301455140641
856,37.761590560877046
859,37.95768082083334
860,38.03699441449512
862,37.892051557565956
865,38.03217324995367
866,38.265887856246195
868,38.304270382509046
871,37.92280110161478
872,37.67784199897803
874,37.812236517106356
877,38.19356584341774
878,37.93512089947809
880,37.64963945167561
883,37.87089790229357
884,38.598085901159905
886,38.64745136327299
889,38.17386214247775
890,38.49105657585037
892,37.58973973707957
895,38.0161988259308
896,38.540754935606174
898,38.36072812783587
901,38.48626129306536
902,38.35676443824004
904,38.00474349283811
907,38.13891014234101
908,38.49175131511812
910,38.24062787597694
913,38.35467100077564
914,38.708040856505804
916,38.51605380781079
919,38.852570302314334
920,38.105954519463964
922,38.267681697861875
925,38.598858666434374
926,38.43236816241415
928,38.14038526768017
931,38.61892786449599
932,38.18661207532657
934,37.656497166281866
937,38.037958343104016
938,38.30157639962029
940,37.76444024224239
943,37.99266194512537
944,38.380469463571494
946,38.22362431187024
949,38.37330672306288
950,38.054744567254986
952,38.04360216573382
955,38.30376883827026
956,38.0818036938023
958,38.509679590964545
961,39.05359545936827
962,38.70191872491437
964,38.905266904351386
967,39.17673909538129
968,38.71552790765644
970,39.04123121924494
973,39.01952005437101
974,39.067718315960335
976,39.26888214084926
979,38.88822200154625
980,38.85146923094108
982,38.45047950654037
985,39.2007756646996
986,39.13744368929447
988,39.01893358832711
991,38.35366706815867
992,39.079145571770674
994,38.1849633145722
997,38.33345832810308
998,38.18815345402568
1000,38.18862645588627
