,38.40222068960117
1,37.85289414726396
2,38.1895013325672
4,38.160539361535314
7,38.106736631298745
8,38.28941999366143
10,38.40186278229601
13,37.89137704824094
14,38.06493294625665
16,38.188719634247164
19,37.7784742010921
20,38.5008150436715
22,38.15746614336167
25,37.79634628022816
26,38.59775673525295
28,38.262346627323915
31,38.357940851377975
32,38.46888687277192
34,38.537119049884396
37,38.584659505686844
38,38.86014750052399
40,38.728430100855405
43,38.281167562398956
44,38.58298231670603
46,38.150148356558574
49,38.00318939756397
50,38.4519671016722
52,38.47201659506723
55,38.10729692457338
56,38.43827212969559
58,38.30357978716777
61,37.84694654618138
62,38.4872704877125
64,38.8782737552821
67,39.017933311170346
68,38.3808455888845
70,39.25829424914558
73,39.560486755201
74,38.77480038500613
76,38.442570933204294
79,38.004306233654034
80,37.919691077585675
82,37.977883687525456
85,38.020220306298455
86,37.97969573113472
88,37.69203037709344
91,37.694396467892325
92,37.7819110537244
94,39.00839711221716
97,39.075562225532074
98,39.170297290220276
100,38.595378230966105
103,38.73361883715722
104,38.70547057171649
106,39.50836286119919
109,39.024944984830825
110,38.36600488190642
112,37.92889542801581
115,38.209784536726325
116,38.18911254862266
118,38.35186888309784
121,38.163030525384784
122,39.08841661094502
124,38.455309423005374
127,39.1568772747712
128,38.49336123343444
130,39.0138133975806
133,38.74236399322943
134,38.57551586118579
136,39.07418904162346
139,38.923988923674926
140,39.49998836007507
142,37.57176696249086
145,37.93011992288573
146,37.539090457647845
148,37.36330481493072
151,37.55050371068586
152,37.846180490946075
154,37.175724123517355
157,37.4918730865465
158,38.40166117349688
160,38.671649006079086
163,38.70549503423006
164,38.61057975859536
166,38.39221540621266
169,38.51463853039149
170,38.843361710392635
172,38.732868686420396
175,39.05717060357139
176,38.91450078246417
178,38.718970207786924
181,38.667899664331614
182,39.155444184192255
184,38.445753131037705
187,39.39909181230297
188,39.19102100637895
190,38.80699858913205
193,38.94212856437727
194,38.64998966053719
196,38.85752430813431
199,39.258109585670724
200,38.62990677216145
202,39.06592538825471
205,39.30336691853058
206,38.38485993993961
208,38.296895792323895
211,37.97753221073526
212,38.285663395638736
214,38.56106473026776
217,38.45629525227441
218,38.64833522990169
220,38.11547751595832
223,38.21579077914575
224,39.18991356955375
226,38.661536717343594
229,39.48484718198384
230,38.25228659063723
232,38.941998246572
235,39.21813097602843
236,38.964007068281155
238,39.178446140409186
241,38.96462559909678
242,38.22199771220356
244,39.08988500132876
247,39.36161841042773
248,39.486974684136946
250,38.34218902111537
253,39.08566266967102
254,38.25869648740937
256,38.222836995662895
259,38.18815212238086
260,38.61820177951388
262,38.326907767405636
265,38.102714167499116
266,38.179490199947814
268,38.09948448757013
271,38.875911321932264
272,38.85552074313236
274,39.1967880886575
277,39.259268197006264
278,38.78993529488929
280,38.87167623248418
283,38.411349321462474
284,39.298067871666035
286,38.695488817106025
289,39.08320111424325
290,38.54487279033195
292,39.401905588687754
295,39.336557801257925
296,39.03609401679456
298,38.89934453786408
301,38.990615020782016
302,37.802090597694615
304,37.870490373200894
307,37.90210729142092
308,38.12905555157453
310,38.06636243967046
313,37.876431130526676
314,37.81224753430025
316,38.16567310623787
319,38.35092029104798
320,38.35328312894339
322,38.43399337932427
325,38.23479884629002
326,38.16811351632776
328,38.13777858769307
331,37.85942586292811
332,38.0769162136336
334,38.490132360605806
337,38.87889659503722
338,38.878223906102335
340,38.2778634173961
343,38.81448676038405
344,38.59462718555839
346,38.525558967073074
349,38.51203494335034
350,39.28101641280351
352,38.667842664348576
355,38.649998382799886
356,39.244261742393824
358,38.87366904014382
361,39.00630888190427
362,38.76111087214159
364,39.10185880316684
367,38.87106937144667
368,38.58622783372674
370,39.03726426283701
373,39.44842117160102
374,38.919174383991404
376,38.33541490494195
379,39.093109132227056
380,38.89801940429107
382,37.82944248463505
385,37.56266972694947
386,38.02736753083944
388,37.71280220219522
391,37.67826180927178
392,37.33810825904444
394,38.31722060863982
397,37.97427999359716
398,38.22461759702409
400,38.51203634287645
403,38.49171179723336
404,38.15437123238907
406,39.48509528831177
409,38.409647812409716
410,38.233930118969596
412,38.6755286503938
415,38.30352737158638
416,37.95339078250688
418,38.41791315172681
421,38.05422057195409
422,37.86941215559004
424,38.22761486114552
427,38.09212916890281
428,38.288756935432495
430,38.36111725029359
433,38.64428878564342
434,38.67710373119537
436,38.45753139532395
439,38.0807618785348
440,38.14250643571725
442,38.766761265720596
445,38.5481199822976
446,38.86297816715627
448,38.15132067673152
451,38.821285584510456
452,38.53914467486436
454,38.66963787959863
457,38.65945014506029
458,38.60740949466483
460,38.646418803723336
463,37.885937336655644
464,37.948995743327366
466,38.23323319921524
469,37.93851055679715
470,38.33888789528777
472,38.379052467659406
475,37.58912070766052
476,37.96507007981624
478,38.600063805948736
481,38.57778005296954
482,38.281566438719196
484,38.72808017996072
487,38.376948858239714
488,38.77498224760206
490,39.00744703932749
493,39.21236522423025
494,38.60464669138924
496,38.645629910707676
499,38.725610258624776
500,38.75172008947247
502,38.85633171795951
505,38.48283760559449
506,38.487208714272214
508,38.770204688608146
511,38.84027264818627
512,38.83816505432715
514,39.01467455849248
517,39.200402705051644
518,39.06714790706216
520,38.625948257701666
523,39.24686194754396
524,38.939162026417335
526,39.328624878368394
529,39.30361579436391
530,39.74733237809139
532,39.796981168677426
535,39.410564040321994
536,39.844715815599834
538,39.40473484796052
541,39.341745068960805
542,37.8981934507411
544,37.574780094374496
547,37.843190153518755
548,37.90409862120066
550,37.938223513239286
553,38.157596208217555
554,37.67282236286987
556,37.62381053616788
559,39.112185259972726
560,39.53577978129585
562,37.89697523385562
565,38.63354888051378
566,38.93952115509152
568,39.0246736545698
571,39.4795023984962
572,39.261939777985305
574,39.0115740540845
577,39.2967311137282
578,39.05615540926345
580,39.12928295317444
583,39.00962019704497
584,38.881806935616105
586,39.21653623160589
589,38.96097311675236
590,37.991917608726084
592,38.47276683381191
595,38.47714443117801
596,38.46676762223843
598,38.15070622483943
601,38.549589838183
602,38.77850831618089
604,39.27956980020125
607,39.54476669580323
608,39.20163194577549
610,39.09540702543667
613,38.86937406725082
614,38.932251906382255
616,39.44603339275664
619,39.449971156456165
620,39.2834534847258
622,38.35970694399357
625,38.38438633398077
626,38.46091041607773
628,38.153819657864425
631,38.53441340705521
632,38.18613355125456
634,38.072211071969676
637,38.10677685968121
638,39.23129049366579
640,39.41026875754472
643,39.52147954080777
644,39.16066142930155
646,39.38557143215696
649,39.43082386855194
650,39.0974188981274
652,39.174148123039
655,38.36524300834434
656,38.70308637134341
658,38.75403654196645
661,39.07465240421839
662,39.1413987008025
664,38.903195328443054
667,39.199272602462486
668,39.13335653155323
670,37.79510677343172
673,38.358371677253054
674,38.008907966457045
676,37.30258040856463
679,37.33918657692475
680,37.76633686651412
682,37.75190397954939
685,37.60469992253291
686,38.91362177172023
688,38.74426534966052
691,38.49807800818428
692,38.543203165313614
694,38.680141249371125
697,38.83623097015324
698,38.84484624782954
700,38.74128157602217
703,38.50590365795016
704,38.69608225871938
706,38.888708797675314
709,38.93044480894551
710,39.30602894353855
712,38.69800407470173
715,38.74875272088186
716,38.687038987810936
718,38.701061117721764
721,38.683939357787885
722,38.55406277578304
724,38.449454128583945
727,38.769004651246284
728,39.141286451381134
730,39.282749271165116
733,38.363387222903775
734,38.14084716524888
736,37.64654676786658
739,38.110951387810616
740,39.167581681065954
742,38.540071805874895
745,38.16065351490485
746,37.733621756095786
748,38.31905671072182
751,37.494643520856016
752,37.83520488117736
754,38.21173252072218
757,37.638302979626665
758,37.51761355664241
760,37.55731913605282
763,38.01383929419243
764,38.56678518930266
766,38.96812887889802
769,38.526864067228495
770,38.81511690400321
772,39.3028585764525
775,38.358370768240924
776,38.44193153911935
778,38.87170136479302
781,38.56464675562696
782,38.07990622368171
784,37.99595433469393
787,38.43462645171032
788,38.30786304243259
790,37.98158889908604
793,38.11222958345354
794,37.28408115131479
796,37.66467838426992
799,38.858059763027896
800,39.00244219104687
802,38.642358273617916
805,39.13528248776495
806,38.62488967059045
808,39.10285305994077
811,38.900151852392646
812,38.60781648063604
814,38.51257523199051
817,38.74699906036311
818,38.81742153226631
820,38.97221148229733
823,38.64351890530818
824,38.702192333429394
826,38.3797843957328
829,38.74902516585814
830,38.60368423836119
832,38.55329610744989
835,38.39989236991942
836,38.41600377720904
838,38.60416786430378
841,38.73278263954173
842,38.35608975903111
844,38.33708048269764
847,39.27907387589762
848,38.86003180941417
850,39.46222715354802
853,39.04331404374421
854,39.93575411957827
856,38.315584710376115
859,38.513601343354814
860,39.06088142440112
862,37.25179445096256
865,37.69000703349542
866,38.5337429396321
868,37.86197371115373
871,37.577437366162414
872,37.38971224886307
874,37.77320850775835
877,37.87533039096687
878,39.020047365166
880,38.533428933089894
883,39.13939744402217
884,38.80761015906908
886,38.94038162515503
889,39.24080782494842
890,39.11923423567171
892,39.13844098574456
895,38.357705894301965
896,38.21187192448838
898,38.459740618363426
901,38.15033324007057
902,37.867279840370664
904,38.190824255289044
907,38.04118864044771
908,38.73791876589788
910,38.70243840861537
913,38.40057890357688
914,38.93198378021331
916,38.761352935705915
919,38.86076049239373
920,38.74846011886873
922,38.48219031118232
925,38.66501715465594
926,38.526123419755116
928,38.06894185571318
931,37.93392458543059
932,38.718186560532644
934,37.81081963087016
937,38.233333039018234
938,38.4610335853979
940,38.182293255071286
943,38.022909164520115
944,37.87941748714045
946,38.18278088815578
949,37.60583732764558
950,38.18261882066287
952,37.653429389925044
955,38.019484555754836
956,37.8695791479174
958,37.559465100584355
961,37.732828984103634
962,37.966110087604555
964,37.94912929674818
967,37.920614481445654
968,37.80948463546174
970,37.913661406310325
973,38.12848755126356
974,38.651041123222726
976,39.124209585455816
979,39.76700979935144
980,38.56185628286862
982,37.92182490817852
985,39.051490306240154
986,39.3517728344714
988,38.911154742206605
991,38.58356365050029
992,38.88050301231648
994,38.01873216821791
997,38.229728343378035
998,38.20118231401898
1000,38.12861026488123
