,37.83445386040185
1,37.50938028905021
2,37.39472864935866
4,37.56178283091577
7,37.641028993609396
8,37.93751971261789
10,37.77593874887021
13,37.299667032158055
14,38.6701350212655
16,38.44298220929915
19,38.9167951197901
20,38.65422126301894
22,38.5766462171086
25,38.60650644206925
26,38.914354240798154
28,38.805934013010365
31,38.05638848217188
32,38.082406575386784
34,37.985142771842355
37,38.00054736888261
38,38.556204950848375
40,37.970582312938035
43,37.8730252147696
44,37.81583569278822
46,38.388133610431275
49,38.588513063306294
50,39.05392323311903
52,38.70735408000927
55,38.434323303329606
56,38.94984802136091
58,38.5409277139212
61,38.563997616644095
62,38.09776934590722
64,38.46145052384498
67,38.76999439274229
68,37.75222734697618
70,38.25616671857032
73,38.73159636891134
74,38.296304549814685
76,38.22147260875638
79,38.59863729248655
80,38.860866864163256
82,38.8610375357744
85,39.10617000309558
86,38.609189573007335
88,38.90545981200997
91,38.126443968975906
92,37.80348934662412
94,38.73487998664072
97,38.641376484229454
98,38.492190333228514
100,38.71834712112471
103,38.84719167858467
104,38.700262484037694
106,39.12258846631945
109,38.812879868311114
110,38.43027597680627
112,38.092004453094845
115,38.191140495161534
116,38.036993238449625
118,38.30977195148173
121,37.96834183217869
122,38.71167515964064
124,38.71663139796154
127,38.94326154999327
128,38.44298246115445
130,38.74344748699532
133,38.65637156410908
134,38.835956723163534
136,38.78126197601601
139,38.76857783076897
140,38.926163352036134
142,38.52549600188767
145,38.242794144928936
146,38.65655090483097
148,38.09411486919727
151,38.00174757803453
152,38.34716465554675
154,38.090114088335284
157,38.330100518830456
158,38.68733815677871
160,39.05446446693037
163,39.21883051077767
164,39.03122866718772
166,39.36024100100377
169,38.787204455711986
170,38.920957338369334
172,39.14475507018823
175,38.3235490547947
176,38.04010357146077
178,37.783232717573256
181,38.094937325773614
182,37.88895484830195
184,37.768788832187255
187,38.176509802769594
188,37.56233024155065
190,38.85416459683202
193,38.85211343520483
194,38.017678380831505
196,38.9405861179536
199,38.63039213276184
200,38.67127816724301
202,38.20363804812362
205,38.87495894150273
206,38.49815506272923
208,38.07378848690299
211,38.21104286800359
212,38.225395676734266
214,38.34154437679201
217,38.20032764011095
218,38.695434300391064
220,37.831216258257804
223,40.30346050250873
224,40.29196061607247
226,40.00743046303263
229,40.36462525615662
230,39.94166447332902
232,40.51770298775382
235,40.350546432103975
236,40.330228213326336
238,38.23306739118344
241,37.86995623788039
242,37.53070132027821
244,37.914573093761426
247,38.020966583963805
248,37.67370097073983
250,37.28508065361297
253,38.2424139992121
254,38.79195078874273
256,38.68220472641957
259,38.95327496947073
260,39.3073239255493
262,38.9411417138317
265,39.0599093126067
266,39.08018014164251
268,39.29456348444055
271,38.48127748788592
272,38.53997847598968
274,38.687004794010434
277,38.49627045636136
278,38.38372075908708
280,38.29611565687116
283,38.20351514649661
284,38.52163822560936
286,37.838011137333396
289,38.358221909220276
290,38.45276129068408
292,39.081785590837114
295,38.10298714620799
296,38.294293850705294
298,37.95312450390652
301,38.154321406834356
302,38.20673609434883
304,38.16800157422932
307,38.04619741844149
308,38.216565339162905
310,38.40870010009132
313,38.247764721617244
314,38.30441312932498
316,38.646874603576435
319,38.457665963402654
320,37.961461451187525
322,37.76512675296125
325,37.800141538549724
326,37.43046229339761
328,37.48295623759112
331,37.5090821323014
332,37.224915094197144
334,37.36359710010836
337,37.94423203896378
338,37.95252055629242
340,36.880839012683616
343,37.447957813319064
344,38.05178460396148
346,38.26340248009098
349,37.73653595194707
350,39.312091700028375
352,39.45445129613016
355,38.876713045308335
356,38.975950410148094
358,38.9950144869724
361,38.95654854135824
362,38.71916697274683
364,39.37097154669192
367,39.09019356957985
368,39.24326848362609
370,39.111029201171675
373,38.759140298220245
374,38.926105233564634
376,38.56777971963345
379,38.7505701672383
380,39.384134192944636
382,39.78778000756187
385,39.99089630323424
386,39.75721039069154
388,39.469927962698414
391,39.462800473457875
392,39.28635274206224
394,39.988183338983426
397,39.73997697790631
398,38.180126293959724
400,38.41726047325355
403,37.89552863271361
404,37.488717875629156
406,38.738184097705904
409,37.59630734488947
410,38.18899978044307
412,38.2679146662407
415,38.8066816096284
416,38.5475209773224
418,38.811577909997986
421,38.42355455779621
422,38.6752889505392
424,38.59396087818778
427,38.951832129091436
428,38.79665429078668
430,38.41337633114306
433,38.4819409799083
434,38.218952289851025
436,38.49983547515252
439,38.39281205035879
440,37.98962946999794
442,38.33272167489672
445,38.18783486378697
446,38.8069018774137
448,38.58622725018492
451,38.9112971663452
452,38.43942402919337
454,38.75601020584375
457,38.70466857545002
458,39.246370239985396
460,38.64774341170505
463,38.90330554542703
464,39.00196424386074
466,38.98954484305274
469,39.242823902657534
470,39.48652340006229
472,39.50480116110765
475,39.29256255336829
476,38.89262857301914
478,38.642711192124395
481,37.90304282927429
482,38.321676004534105
484,38.15624264311897
487,38.51274701228192
488,38.48523941107404
490,38.729683108347245
493,38.11575211405961
494,37.4865787539829
496,38.727343267585596
499,38.38653021446785
500,38.42090880956674
502,38.14077405388883
505,37.96128765145733
506,37.95422048023757
508,38.261427919411325
511,38.46460814054403
512,38.474131893825714
514,38.60825147567911
517,38.49630630720265
518,38.87048641234999
520,38.85926778334854
523,38.37712581603329
524,38.7064246672787
526,40.40029486917751
529,39.88253134705851
530,39.58404422422539
532,39.72082995619772
535,40.23387949013405
536,40.30541928703695
538,39.739707127370174
541,40.00558264914437
542,38.22139621176557
544,38.03613731689205
547,38.02886547466848
548,37.96903215660556
550,37.89878240867202
553,38.13044855946752
554,38.18615547561806
556,37.773615361514686
559,38.769287226889205
560,38.81489273081466
562,37.595101080751725
565,38.656343023392324
566,38.65767019870288
568,38.696281341681136
571,39.6948441724089
572,38.78102471459141
574,38.1972528220243
577,38.34231664152845
578,38.028922295117404
580,38.207983801271276
583,37.93860551742413
584,37.89178637008784
586,37.90524109770471
589,38.16628741062726
590,37.02465024762981
592,37.3702942306147
595,37.21273857874663
596,37.19507266769543
598,37.79259667822559
601,37.56750505273809
602,37.51508415205868
604,37.57898746953997
607,38.88379794099132
608,38.12002538327722
610,38.49496121992252
613,38.35704483522867
614,38.27160288599403
616,38.356395584478165
619,38.54885284851845
620,38.32736229995061
622,38.05489221160242
625,38.4750499465719
626,39.130488656588135
628,38.237538324762454
631,38.64264322738154
632,38.00911396491519
634,38.36259548880059
637,38.342444657283714
638,38.92941119218631
640,38.60055939919161
643,38.47176339344772
644,38.830468167935265
646,38.86840084287304
649,38.42059298558221
650,38.13297804505891
652,38.88811523573371
655,39.61746219132547
656,39.563531530909124
658,40.188006599271354
661,39.54779456772597
662,39.86978300106137
664,39.86260687308749
667,39.16766262305006
668,39.35547468792838
670,38.54376363991206
673,38.62019075206967
674,37.99124219205473
676,37.57415374004865
679,38.06705044494065
680,38.104253747833845
682,38.21598450485911
685,38.151777825782695
686,39.31432613943041
688,39.4863659656492
691,39.43117714483008
692,39.55952178543818
694,38.55529605344387
697,39.80844749626124
698,39.55128528524218
700,39.25705598563534
703,40.5281171820811
704,40.18470005826162
706,40.27276723519616
709,40.46074909661145
710,40.524190643349044
712,40.16645232978898
715,40.43914376482565
716,40.35855351757559
718,38.28767541021283
721,38.329767233146086
722,38.273119020366146
724,38.27898196167001
727,38.34536225372981
728,38.37449454767108
730,38.63259510156791
733,37.972521357775975
734,38.545717561900815
736,37.94734656475367
739,38.34919478790128
740,39.344013344332254
742,39.177169383028826
745,38.652054572106046
746,38.57514042856464
748,38.41202168499001
751,37.60594964499615
752,38.137678453136054
754,38.30289616955454
757,38.03476626895021
758,38.089663214182984
760,38.060331823195256
763,38.45234198908083
764,38.74352264089541
766,37.97730923867113
769,38.00912810301561
770,38.67081468852343
772,38.363274559926445
775,37.71138491138966
776,37.35539122524575
778,37.95410531300125
781,37.76557479424695
782,38.06937724610154
784,38.42937107822872
787,38.23133127245289
788,37.85982264736712
790,37.89065978021974
793,38.141457233018045
794,37.56475132527557
796,37.891082869909134
799,38.68449163521154
800,38.60463126965957
802,38.98427753310789
805,39.10546148646494
806,38.67398401596714
808,39.34403991755135
811,39.0623720822713
812,38.709838978936055
814,37.74500844380546
817,38.17017223498743
818,38.026140624788965
820,38.13014077115728
823,38.43959344960035
824,38.74464869055571
826,38.166746475514564
829,38.96188664574269
830,38.93436920021638
832,38.07397096022346
835,38.85703149903368
836,38.49585072601854
838,38.33971368579267
841,37.88252181186901
842,38.11228950770925
844,38.38261990293243
847,38.670620800661226
848,38.455685298961065
850,38.35156652139987
853,38.299177368711575
854,38.886609373203605
856,38.616920709607946
859,38.879608723033115
860,38.26445665099617
862,38.30221769472231
865,38.682218981144736
866,38.74751076912642
868,38.847908938696435
871,38.43891205879733
872,38.600312007120614
874,38.56046038893588
877,38.44231328684539
878,39.127074780549364
880,38.90385377474395
883,38.95097678593311
884,38.939624952171826
886,39.13189690338958
889,39.082823576982804
890,39.14510023885882
892,39.12951264332713
895,40.76859799517086
896,41.04048186664634
898,41.303852173458544
901,40.64787941869999
902,40.86833043212517
904,40.48439494599685
907,40.583420409584456
908,40.830045839541775
910,38.11413443069232
913,38.1200986401186
914,38.80407215367217
916,38.42812322146934
919,38.18323336934477
920,38.35039513610006
922,38.47634365240536
925,38.639529403675574
926,39.17150455839297
928,38.866743999812975
931,39.1137693741063
932,39.505108884466715
934,39.006722221844235
937,39.86360426557951
938,39.38205627071952
940,38.75132632967418
943,38.1239755771409
944,37.93205355471508
946,38.209782380560206
949,37.97534827494961
950,37.96457194576181
952,37.807813314112714
955,38.15448472820039
956,38.163248162135226
958,37.98057340235318
961,38.33004443321972
962,38.39500883153868
964,38.18411168278456
967,38.29691505650532
968,38.39229930114881
970,38.718985076201285
973,38.858022071255185
974,38.486085912546976
976,38.426956588236834
979,38.91768624969398
980,38.61593287884742
982,38.363823850191956
985,38.26152816151073
986,38.77428668253394
988,38.6237802358989
991,38.9615686687513
992,39.49532321023817
994,38.83945866604816
997,38.163778836885605
998,39.61169070364708
1000,39.81686181166107
