,37.73870399386412
1,37.73108837134148
2,37.72227685409301
4,37.758260395326595
7,37.75307812968696
8,37.74138996483422
10,37.72966899517418
13,37.700946587602516
14,37.73945755323101
16,37.72707937532813
19,37.737252486541124
20,37.72677517169462
22,37.72805106906657
25,37.75389534619115
26,37.76641314816816
28,37.71041961390806
31,37.750800672462525
32,37.74554748366276
34,37.73385887368564
37,37.717980431920004
38,37.7491714288239
40,37.72790012076727
43,37.719069500565226
44,37.72722158475813
46,37.730752860519715
49,37.740684932246765
50,37.74793026575044
52,37.73647478380245
55,37.742156391470424
56,37.75097931251848
58,37.710819243576836
61,37.74634325613756
62,37.75286455898159
64,37.75425780848287
67,37.70133246395903
68,37.73175690190669
70,37.73230364692141
73,37.720993260240064
74,37.730143133546754
76,37.72945727174369
79,37.730569956730676
80,37.71554764390292
82,37.701816211941974
85,37.710108656547945
86,37.69471334410076
88,37.70823958596023
91,37.69160522281556
92,37.75937441842459
94,37.74994920419016
97,37.747622612058265
98,37.71282214877645
100,37.73939750645623
103,37.73775889852055
104,37.745862673884936
106,37.75488605259787
109,37.74563291759974
110,37.733598471333806
112,37.76034901180623
115,37.73716298137809
116,37.70513169152425
118,37.74919278834001
121,37.72200545293089
122,37.7435741581182
124,37.764742890514455
127,37.709822290354225
128,37.76849207021298
130,37.72580507242388
133,37.70958588590136
134,37.732440879007264
136,37.749329247367065
139,37.76833067853146
140,37.746584732108126
142,37.69994584094879
145,37.73039121402401
146,37.69710122225963
148,37.71714625868484
151,37.743988453488186
152,37.7426276916431
154,37.73915993747461
157,37.705191140609585
158,37.73704716313993
160,37.72674940072352
163,37.74986713131553
164,37.779438267635754
166,37.7323445798167
169,37.72269905209266
170,37.72713866464425
172,37.746184686107995
175,37.75454944314969
176,37.74913723389299
178,37.71774203023006
181,37.73623135728689
182,37.75647649430627
184,37.713082509524874
187,37.720913853372366
188,37.73359020234016
190,37.716097273460164
193,37.71794485714328
194,37.72951566462935
196,37.72300007018506
199,37.7479612645695
200,37.7507013162869
202,37.73424066795014
205,37.738668180086925
206,37.72612340928953
208,37.753269891928625
211,37.74606015604796
212,37.77146347741026
214,37.74347379521154
217,37.767177572277724
218,37.75413722851423
220,37.75260519276101
223,37.769665391017014
224,37.73486366927893
226,37.70373123944671
229,37.74574610146341
230,37.78210299918863
232,37.74339658221831
235,37.73252862697253
236,37.7744725521681
238,37.73034827820449
241,37.72432996982977
242,37.72725196810745
244,37.729803866692535
247,37.71147019413602
248,37.764235690225185
250,37.73679355348792
253,37.75087808991605
254,37.710491857808975
256,37.729887020901145
259,37.75112200171084
260,37.735271951573964
262,37.717302764698175
265,37.73418219818344
266,37.7660927376697
268,37.760943568596716
271,37.71539008932696
272,37.71659477313063
274,37.730133980444
277,37.744735614974466
278,37.763312063119166
280,37.71832185626946
283,37.783621919492546
284,37.76606536685758
286,37.7184352481171
289,37.762957228308274
290,37.736290925347085
292,37.74763634664204
295,37.71385454674403
296,37.72323580148459
298,37.72567727086628
301,37.72291469214895
302,37.730812643102716
304,37.70060856975114
307,37.751425249468106
308,37.71688212892376
310,37.719524417037086
313,37.7460905144525
314,37.69943808616391
316,37.70897342022613
319,37.759357247423566
320,37.70016985544171
322,37.76680452891932
325,37.71728927940233
326,37.72690569062961
328,37.728493676062776
331,37.744421760259115
332,37.749007979082556
334,37.71763838412251
337,37.7427425970952
338,37.72897092927013
340,37.74272836284973
343,37.7182401704172
344,37.71642335314708
346,37.72052157930903
349,37.72110415706703
350,37.74527369383844
352,37.71668753584559
355,37.75872454478446
356,37.74757027853514
358,37.751983852816444
361,37.713730967033975
362,37.71981975122852
364,37.755554874458575
367,37.733600860508375
368,37.749479727212965
370,37.73998524882778
373,37.757233997736215
374,37.74597676474475
376,37.71470023133825
379,37.72060671578534
380,37.742739245051986
382,37.74388464990132
385,37.73733002610243
386,37.73199718890147
388,37.75165579702106
391,37.76452722008719
392,37.74307897995926
394,37.755826882232185
397,37.70697574740515
398,37.72298309477725
400,37.713409940153674
403,37.700789895615365
404,37.761412248011794
406,37.76440945545554
409,37.74948074922282
410,37.73674719608509
412,37.742432553800796
415,37.7398761201373
416,37.73031194125726
418,37.76364971832592
421,37.72020470978938
422,37.76955387683721
424,37.74425926922236
427,37.749544188528525
428,37.73662048923259
430,37.689796520649764
433,37.73411678552605
434,37.75570693920461
436,37.74287325972271
439,37.73983997910463
440,37.7310857821672
442,37.75247256113781
445,37.72630855653644
446,37.753034557561634
448,37.723773449210476
451,37.72357485936649
452,37.73636831233968
454,37.74343619071285
457,37.73342013897264
458,37.69427585727693
460,37.69702536782914
463,37.744957232757734
464,37.734058818110086
466,37.7138388531213
469,37.733010398593876
470,37.74123647553395
472,37.746545376475176
475,37.71645558230887
476,37.73060740582337
478,37.76773004659025
481,37.729798802829905
482,37.73133622272648
484,37.72192814268722
487,37.75615742541508
488,37.753174908577456
490,37.71499956911332
493,37.73075151088235
494,37.68569819880436
496,37.7247409669157
499,37.73928479472927
500,37.713140762731705
502,37.73879883398706
505,37.74014066428047
506,37.7814770805287
508,37.754017626592756
511,37.71780614725348
512,37.751544713117895
514,37.736404368689584
517,37.74658926903849
518,37.74018911330737
520,37.728888046482645
523,37.700123155706166
524,37.726419624483135
526,37.69765765932859
529,37.75783449464968
530,37.721648486060786
532,37.71390706549052
535,37.7479145278831
536,37.76042755304082
538,37.733786309453436
541,37.72278278413705
542,37.761668472470426
544,37.70719707998389
547,37.75635196434748
548,37.73513315169414
550,37.74156245258436
553,37.724630827281686
554,37.71756189803026
556,37.74523162018328
559,37.74084607066356
560,37.72952710549117
562,37.73951764576544
565,37.73006670052683
566,37.73596721367
568,37.72155606656336
571,37.70462384601814
572,37.73485665775573
574,37.751240047478724
577,37.72681308219355
578,37.709182654485076
580,37.73020784782355
583,37.761992233881216
584,37.73851173407576
586,37.734084195115365
589,37.74233530976843
590,37.73514924246745
592,37.712094670253826
595,37.73599746901924
596,37.735203002352655
598,37.743109655345776
601,37.72866044191344
602,37.70953453058617
604,37.71607535925593
607,37.73084802998173
608,37.73379907184173
610,37.73785548292496
613,37.70698910007222
614,37.70756831326272
616,37.747949534195214
619,37.709514800117965
620,37.73716160142632
622,37.704808789389624
625,37.73626823022852
626,37.74298034737737
628,37.75226363825783
631,37.74525733804745
632,37.74256405666655
634,37.73148878033116
637,37.72738470303307
638,37.71322688143845
640,37.75038773595484
643,37.713448599155484
644,37.72175486665785
646,37.76684991685531
649,37.73774191894123
650,37.7420636313043
652,37.74140282655582
655,37.72079615174753
656,37.76916706258464
658,37.728118723159014
661,37.70316108807116
662,37.7154509578003
664,37.72586993211315
667,37.71871519043857
668,37.76281398985998
670,37.71759758067882
673,37.72408476348532
674,37.72850151466568
676,37.76633760530899
679,37.75016876180282
680,37.7242048170311
682,37.753086004438636
685,37.747659472776725
686,37.727889031364036
688,37.746375802425206
691,37.74897356871975
692,37.72619530849966
694,37.72290095247544
697,37.713333605155285
698,37.732540637094694
700,37.75598071699984
703,37.742974272582856
704,37.741476095823515
706,37.731867739896394
709,37.71953630873831
710,37.719505175768006
712,37.75290723525961
715,37.72942015948242
716,37.764389762375075
718,37.75238739072914
721,37.72891875912257
722,37.73485871318502
724,37.75397473367967
727,37.7222887548194
728,37.72321626953874
730,37.73133219713106
733,37.732705095205304
734,37.738958839150705
736,37.68833257460413
739,37.75631165551657
740,37.70648078293274
742,37.74084141810106
745,37.743380005218896
746,37.710466757396276
748,37.71594340180092
751,37.74910354131521
752,37.71319772359607
754,37.74910189970634
757,37.733290014217225
758,37.75010221943165
760,37.73012087694877
763,37.7671684334791
764,37.749513948932176
766,37.75725359942805
769,37.75553018004693
770,37.72392372270402
772,37.746465290205904
775,37.712497940897826
776,37.76284919936618
778,37.7586478525106
781,37.710073236542236
782,37.69759400394889
784,37.752804309068694
787,37.76674432030022
788,37.76345084354709
790,37.73669707590615
793,37.7479589842164
794,37.77924926409146
796,37.72643862919115
799,37.72982195497803
800,37.726164822597184
802,37.76534976658848
805,37.70745305046169
806,37.73229525298693
808,37.7460674650145
811,37.73602594525166
812,37.70311011958073
814,37.74009316427699
817,37.73127780353048
818,37.72230070290992
820,37.70598148257105
823,37.7527260456501
824,37.74564520094368
826,37.767751691166474
829,37.75543066593741
830,37.758911553740596
832,37.736981784614635
835,37.71502979314955
836,37.76813916438243
838,37.73690887538811
841,37.681164440668205
842,37.7057808056684
844,37.715495535886475
847,37.739053672907026
848,37.733945673223126
850,37.75249911223869
853,37.712843098665374
854,37.73541447715938
856,37.72068900668204
859,37.73376700344588
860,37.73333588168442
862,37.731412444512806
865,37.74451577124783
866,37.752036039799236
868,37.73561494575363
871,37.72131604220652
872,37.753873793741775
874,37.74258245929455
877,37.74824237858384
878,37.697361620380015
880,37.752035120631454
883,37.71371273145775
884,37.73286797719167
886,37.722027349582895
889,37.73133652160962
890,37.75905268343745
892,37.75515623105459
895,37.71642205916994
896,37.71925106787871
898,37.70673740931589
901,37.78223051895921
902,37.73705532407802
904,37.69485381421119
907,37.73103408570381
908,37.70168094597094
910,37.765315958599096
913,37.74841694506664
914,37.70957937862555
916,37.7296529182372
919,37.724483549419816
920,37.73056312938831
922,37.77907977886147
925,37.73669681457113
926,37.694334660264424
928,37.714062648195714
931,37.75079944113169
932,37.73885367538335
934,37.753774403655946
937,37.75447983364671
938,37.767782839333435
940,37.72760783622708
943,37.745986492356124
944,37.74990480768112
946,37.7828135759384
949,37.7381604202447
950,37.72158863463267
952,37.76770181758354
955,37.72799645246971
956,37.72834023897618
958,37.745632902853714
961,37.7631568950077
962,37.730249211033914
964,37.71460858508484
967,37.758696986296954
968,37.75138263784439
970,37.771154635328266
973,37.73313124492826
974,37.7175049626774
976,37.72772072462729
979,37.716614049923194
980,37.700324557297094
982,37.73857199021177
985,37.715056997135235
986,37.77072147690246
988,37.75902150596768
991,37.727326414454296
992,37.71840163296889
994,37.77117307617079
997,37.73351966043971
998,37.70905131446302
1000,37.7388488440049
