,38.40674007272782
1,37.85847027141361
2,38.19056814063038
4,38.14610196541533
7,38.1053038719837
8,38.30737318014509
10,38.41309125925466
13,37.863110200463915
14,38.08380732596272
16,38.21218008433848
19,37.77898033720435
20,38.52687106817937
22,38.148099608407094
25,37.832210784162186
26,38.575636722681736
28,38.28404667963863
31,38.395256463558134
32,38.52936844749975
34,38.58208746280898
37,38.60138753836015
38,38.894733353148645
40,38.786593109590505
43,38.313816912825324
44,38.616461424008214
46,38.18742033161585
49,38.038820597393894
50,38.504847408887876
52,38.56071140102206
55,38.171221818655894
56,38.461739072118995
58,38.363071099287914
61,37.86627173345886
62,38.4998713619346
64,38.88179818403489
67,39.035192122220074
68,38.36727471227397
70,39.28784927101272
73,39.566585172203084
74,38.7896707861148
76,38.45416647919331
79,38.00870134418779
80,37.92070600001531
82,37.97878256868289
85,38.02162547810411
86,37.98100930803938
88,37.69507831544562
91,37.69306537588235
92,37.779456447937825
94,39.00750625667394
97,39.10579323318728
98,39.2119213951861
100,38.65776417692793
103,38.77162238494332
104,38.722247748462195
106,39.543733081519896
109,39.04092649043516
110,38.38404083813306
112,37.94677406808074
115,38.29081996574849
116,38.19300685615074
118,38.364670581692465
121,38.189642825500385
122,39.102528349194486
124,38.47376481715563
127,39.1855298110231
128,38.48439980383466
130,39.04847427537061
133,38.80017416422867
134,38.605124809235946
136,39.12804747705753
139,38.930531656364565
140,39.51050966994427
142,37.58068717314905
145,37.94482983970783
146,37.545856766434824
148,37.366926572540855
151,37.56284914677851
152,37.86715097502764
154,37.162843951094814
157,37.507364632269244
158,38.39134888399801
160,38.702199533962165
163,38.72056006840149
164,38.60928722099529
166,38.39335919069225
169,38.51729109902804
170,38.84760400377688
172,38.71411175816917
175,39.09553236181683
176,38.920002179341935
178,38.74536385238709
181,38.680601918616546
182,39.1959609130905
184,38.464025650625686
187,39.45263134616037
188,39.2200961079632
190,38.85784140524316
193,38.95558626357705
194,38.67165398549052
196,38.89458502649606
199,39.28353380127981
200,38.66903580048335
202,39.07534667986202
205,39.35000812835637
206,38.37772478860404
208,38.32290296714623
211,37.9988610913175
212,38.29204456626165
214,38.57655396866754
217,38.458423820411056
218,38.69695811202451
220,38.09550673024438
223,38.20378171171351
224,39.17899197534579
226,38.65484520065997
229,39.4876555205922
230,38.24167694538523
232,38.93545885991417
235,39.22908023997752
236,38.96936590644307
238,39.186438938974156
241,38.95592767979296
242,38.2266780601901
244,39.06472211453073
247,39.36867450014639
248,39.49012646272186
250,38.31721938893609
253,39.061120051289976
254,38.29298074673296
256,38.26661089503247
259,38.21032651781081
260,38.64251151283784
262,38.32888533883797
265,38.11921366727071
266,38.187921817955974
268,38.13497996378713
271,38.91905433968562
272,38.885255178632804
274,39.20750265084667
277,39.28493626048629
278,38.84760043803808
280,38.91344629648736
283,38.4340612876736
284,39.30578259615078
286,38.723298080165385
289,39.08718810857025
290,38.549692911313464
292,39.40197865259114
295,39.346116533892896
296,39.04897011426622
298,38.92570549692516
301,39.02178915617256
302,37.79673574158926
304,37.85630196306779
307,37.90758641081796
308,38.11361967672905
310,38.0709872908618
313,37.89305990231457
314,37.80833160319292
316,38.14964863818219
319,38.34219645933131
320,38.3494445805217
322,38.428516073212286
325,38.233482483598856
326,38.16449867568857
328,38.133866558747904
331,37.85651914057348
332,38.07576092642138
334,38.513205142151484
337,38.88476929630653
338,38.930505814028834
340,38.284966932892694
343,38.83050887230439
344,38.605202223528366
346,38.53246429172923
349,38.52284773179961
350,39.30183981506553
352,38.66780973919088
355,38.65033914190986
356,39.23839085436659
358,38.9082283941931
361,39.031874934369
362,38.77439831942404
364,39.12069672971666
367,38.91282266455302
368,38.6393496199437
370,39.0904802125175
373,39.483653107834904
374,38.9401038249896
376,38.37658400751895
379,39.13476544697318
380,38.95728626719857
382,37.849465070822895
385,37.55409693296277
386,38.04483681065414
388,37.683828861079434
391,37.717985693750045
392,37.31869949049433
394,38.33784352432215
397,37.97692159837922
398,38.2493744179523
400,38.49800890644252
403,38.501794161023
404,38.15129779590037
406,39.46967256181016
409,38.40789170042813
410,38.24694367014321
412,38.664402421393284
415,38.30665683716244
416,37.947953439427934
418,38.40657577719757
421,38.02142305265277
422,37.84666744256697
424,38.224246789066605
427,38.07483722533252
428,38.273266103659346
430,38.39249187773832
433,38.706698066150565
434,38.69617191461529
436,38.49667849078716
439,38.12745391938851
440,38.13070319627418
442,38.80666412881342
445,38.57145473835406
446,38.87551911261698
448,38.14698062865086
451,38.834382905316886
452,38.55840664239581
454,38.682292704774106
457,38.664753407336704
458,38.62714323057239
460,38.65637764014753
463,37.93073916007825
464,37.9644751768249
466,38.25209521064949
469,37.94615561035911
470,38.399996000102064
472,38.4123338197183
475,37.6345181846097
476,38.00094429819826
478,38.609899038541094
481,38.636856765706334
482,38.31826915797705
484,38.77264777158235
487,38.386242593328426
488,38.80584974771352
490,39.06763169451403
493,39.24896057580374
494,38.642351045540636
496,38.677518068208734
499,38.75644629421643
500,38.77714842464541
502,38.885619877175294
505,38.52337270784286
506,38.49433878353251
508,38.77945723676927
511,38.83954176934899
512,38.856144346569764
514,39.018980419638766
517,39.21797299346064
518,39.08635066454638
520,38.628691941574864
523,39.252853193939636
524,38.96259218893119
526,39.32409229659779
529,39.30030432208883
530,39.74234115642749
532,39.78760803039158
535,39.40012445962531
536,39.83475218967665
538,39.393169676978616
541,39.34247130778801
542,37.910661056458345
544,37.602764601620706
547,37.85163141578257
548,37.90959419122772
550,37.926783514065214
553,38.181451983281015
554,37.66403393197136
556,37.64681071340845
559,39.136059299748354
560,39.56497691036309
562,37.94587824256134
565,38.68153627620758
566,39.0112334642868
568,39.12834433994971
571,39.52729395455474
572,39.327974650618785
574,39.015195457599546
577,39.29671103013573
578,39.06272866106887
580,39.13131986039393
583,39.01350432145424
584,38.884667606336
586,39.225350774903745
589,38.96384155725661
590,38.02506766612979
592,38.49851348937941
595,38.48408053752804
596,38.46863303711981
598,38.17395410198033
601,38.57490007906505
602,38.76537214832883
604,39.29205796951542
607,39.51971647466586
608,39.18739391456844
610,39.081251498438874
613,38.863867689521534
614,38.924738010016206
616,39.43437236335099
619,39.42833757817498
620,39.27005441931833
622,38.37257646803603
625,38.42456574438163
626,38.480691476566875
628,38.15929237031364
631,38.54019509610673
632,38.21964040108337
634,38.06949354635769
637,38.12256697019317
638,39.254654343414366
640,39.43288143454618
643,39.54456988145594
644,39.1816341152826
646,39.40705057485899
649,39.45423308621474
650,39.11831400313278
652,39.19585861255418
655,38.35659020270075
656,38.68442001029884
658,38.775097556856196
661,39.07331608944763
662,39.14576225677398
664,38.89538319478409
667,39.18561165536948
668,39.134709255630554
670,37.80700796840227
673,38.38033888924302
674,38.04097793000869
676,37.311763149768176
679,37.35506247434726
680,37.798262766026944
682,37.76863696353123
685,37.621685208133655
686,38.8921154449565
688,38.746508197636224
691,38.516384568814864
692,38.52918241265725
694,38.66635447307651
697,38.83630131991316
698,38.87065092412826
700,38.748907048810345
703,38.54059118037292
704,38.74156093090863
706,38.91656786113908
709,38.95294834497059
710,39.34836374978282
712,38.72341721912971
715,38.75877095201781
716,38.722630773593416
718,38.70718997241174
721,38.68807207907345
722,38.552578776408005
724,38.45714713099541
727,38.78076614330775
728,39.153476575115036
730,39.3078033565802
733,38.38159496769466
734,38.07657578130741
736,37.620596499887775
739,38.09994891378464
740,39.13124885178467
742,38.49915588949499
745,38.14295553406738
746,37.69444687078482
748,38.28335699070186
751,37.46988699081343
752,37.835836384352994
754,38.2380526310557
757,37.61977208888832
758,37.510083406058875
760,37.549736117078524
763,38.04339922426746
764,38.6029095758674
766,39.00820867935373
769,38.54919906358259
770,38.86700282618556
772,39.334931861978916
775,38.37387766994735
776,38.50250520282774
778,38.90670540309955
781,38.58577146570879
782,38.116828257515024
784,38.04976645298932
787,38.476685931950726
788,38.34402243000061
790,38.03010210500454
793,38.168981427056714
794,37.288518020620586
796,37.70315638264985
799,38.885126164893336
800,39.01877004215301
802,38.674798025464334
805,39.16250011184697
806,38.64332108668712
808,39.119394120788925
811,38.92544143783473
812,38.624005849383195
814,38.526463311533995
817,38.78356394044293
818,38.806311782350335
820,38.95461338714958
823,38.65797215548499
824,38.69095078009622
826,38.38402829504055
829,38.744474071613794
830,38.61295325033194
832,38.569889039229224
835,38.412416007314434
836,38.44326102181621
838,38.613575232882205
841,38.74545768349702
842,38.36713949981959
844,38.366249222700944
847,39.29828563649348
848,38.87384739134644
850,39.488635679071834
853,39.06096235032218
854,39.955980395707485
856,38.325050245655554
859,38.51139297416081
860,39.0821739806704
862,37.263292977184754
865,37.70954235610933
866,38.571091898890415
868,37.89747149995874
871,37.615420110848085
872,37.38138765528165
874,37.80120674501721
877,37.90508953956434
878,39.03008643119941
880,38.53900269676252
883,39.11503890177087
884,38.81494719513582
886,38.936207177595016
889,39.2542279662634
890,39.10740514892926
892,39.131740387520594
895,38.35281283872498
896,38.201066308490354
898,38.459927160713335
901,38.15320497809352
902,37.86217823146347
904,38.18441883512954
907,38.034275044347694
908,38.73709003017883
910,38.69840825896908
913,38.400792365310224
914,38.931452053375956
916,38.7639683254704
919,38.8605299421955
920,38.746932531640866
922,38.48005733835592
925,38.662787299554495
926,38.532739728077345
928,38.068041396007175
931,37.96224656531442
932,38.70980933580034
934,37.82546500070318
937,38.23800125676337
938,38.459170729511676
940,38.24474364485561
943,37.9873194572415
944,37.86981357852085
946,38.15968131366407
949,37.56830212193227
950,38.16274951408467
952,37.65145619724497
955,38.01557168464614
956,37.81762151632105
958,37.53581742364
961,37.7216770844872
962,37.94890629949161
964,37.89234277933155
967,37.91420553763529
968,37.771346960231604
970,37.87512252525689
973,38.1108132311204
974,38.64387544038499
976,39.10371415617084
979,39.761393079613484
980,38.55015425720003
982,37.917494760518
985,39.047788491529055
986,39.346397213270784
988,38.91241734033181
991,38.614651111555254
992,38.90158549585587
994,38.05850595948999
997,38.26416935751136
998,38.21364191444179
1000,38.123987250385454
