,25411032.19594042
1,1072859.6410593062
2,1081543.1254452786
4,1084563.071573018
7,1078633.7572356611
8,1082502.129947989
10,1077972.908385881
13,1065685.175940555
14,1073221.511527974
16,1086375.3384839806
19,1087641.2636246781
20,1081921.1709640198
22,1081343.390562635
25,1068991.645978344
26,1076144.365973184
28,1090547.4964007807
31,1073278.4701977437
32,1072976.3773110553
34,1079330.6441852306
37,1084361.7086931623
38,1092397.1345682964
40,1073552.9664864657
43,1067292.8252721406
44,1088260.124939607
46,1077080.0472625399
49,1084908.7019825738
50,1071252.6322012895
52,1058836.4099461385
55,1085059.3633487204
56,1085188.0708779404
58,1058088.9984947746
61,1070903.563375681
62,1062085.540458057
64,1066539.43870669
67,1074854.1507687795
68,1069587.5921603013
70,1078665.4569418689
73,1075200.0415084632
74,1076637.5773834225
76,1087422.6184877048
79,1067041.2628765695
80,1057528.0454616507
82,1076087.0347305422
85,1067170.003573384
86,1075793.285472934
88,1079088.968243933
91,1075762.338675893
92,1067060.357008952
94,1059506.1201187032
97,1079921.8936979761
98,1071111.2906643185
100,1068869.392069343
103,1073744.1606914925
104,1086274.7743264828
106,1084898.352316443
109,1067987.70544907
110,1080283.0457872017
112,1071172.0966022233
115,1087491.9665857246
116,1074118.3246369667
118,1076691.4994765145
121,1077229.607277287
122,1085160.859353295
124,1083282.0790226837
127,1073724.8814535972
128,1077883.4754737422
130,1068858.7253079116
133,1090399.1541017995
134,1074734.4820291353
136,1089346.0715266687
139,1078121.120324064
140,1082066.8246634437
142,1065804.8687273087
145,1062260.1637698724
146,1094562.0689451005
148,1076668.1868944867
151,1071467.7749447487
152,1074997.9342723284
154,1074166.3607980022
157,1078482.095576789
158,1086063.8534776221
160,1087229.4299144698
163,1079675.977819824
164,1081154.1960617807
166,1089092.0581173403
169,1087660.6055636832
170,1078866.768363603
172,1075818.1240826026
175,1064197.6875794223
176,1092342.567620221
178,1083379.2162777765
181,1094424.1787052692
182,1066671.1596259356
184,1085569.6671000316
187,1070085.144429618
188,1084818.574172879
190,1067667.1216676384
193,1062506.1323550777
194,1083234.2389226048
196,1085274.8799140502
199,1078438.264830807
200,1068797.3897781002
202,1083392.7508462453
205,1077517.3296530214
206,1078469.2272677233
208,1080343.411097192
211,1069805.9684207113
212,1082580.6728165154
214,1079075.4914315436
217,1070442.138037653
218,1072189.784343758
220,1073140.658145978
223,1067574.5351102955
224,1090078.6004074418
226,1072770.2710810837
229,1094235.4910219405
230,1070107.6449902984
232,1077067.1170298466
235,1091533.1674208015
236,1091974.009044011
238,1091004.607984643
241,1095830.4457195287
242,1076329.8665573315
244,1084726.3032559985
247,1094357.6172577536
248,1071907.608018979
250,1094557.8900177798
253,1117033.7258255035
254,1106579.2584908959
256,1098148.533453042
259,1087714.397563216
260,1106914.6252259738
262,1100355.2727168794
265,1105332.8261750503
266,1111192.4380136323
268,1103854.8525810482
271,1107906.1046490723
272,1091805.0270417854
274,1099615.3580063684
277,1106522.7792130734
278,1111811.675870459
280,1096764.0008369633
283,1106220.559034422
284,1108326.5979715425
286,1112424.0210134035
289,1108303.0023236005
290,1117496.9438829452
292,1106233.5803115484
295,1111565.9515489726
296,1102641.1230504073
298,1095402.7886302944
301,1097782.2975160398
302,1105840.2516435625
304,1099846.0970143913
307,1111807.0141636098
308,1104276.61443674
310,1105279.100208248
313,1103587.107552117
314,1100907.9172392199
316,1120564.3724510765
319,1111772.7710935473
320,1102984.4721216417
322,1107341.95600687
325,1094723.7092910903
326,1104330.0788331472
328,1103087.2526168271
331,1113142.3246190397
332,1100475.517751418
334,1104984.1319266611
337,1104875.0620340332
338,1099024.3941471258
340,1112762.0871666276
343,1099344.19149515
344,1106684.2680543682
346,1110394.3765690671
349,1110711.685475012
350,1100192.6145731183
352,1106920.8218084853
355,1104612.5051601871
356,1102758.7286978909
358,1107987.3534078938
361,1113431.8537568783
362,1100744.697584986
364,1112173.9582624885
367,1106111.2965213405
368,1106211.8126094933
370,1110540.8818685682
373,1122173.2707395565
374,1104321.3807494643
376,1100671.1057209284
379,1105409.4688749427
380,1105941.4937594184
382,1109074.5639910104
385,1094597.8457173812
386,1090068.0046353452
388,1099484.7823450044
391,1107054.3253512436
392,1099837.7997878667
394,1113053.5197746875
397,1115077.6886294328
398,1106580.8508905848
400,1101958.024132605
403,1103557.7528770883
404,1095272.531719042
406,1109726.8339141326
409,1090324.3852449616
410,1109015.04462564
412,1106801.2392665069
415,1109993.9200681231
416,1102779.7036485218
418,1101301.8579830355
421,1107711.0525524095
422,1098850.1595962108
424,1106204.9167952528
427,1109507.3007421999
428,1110887.2551497999
430,1092659.6464596423
433,1111495.589208032
434,1108775.5920734692
436,1108720.8404935792
439,1108125.7900257139
440,1108016.5255997572
442,1097992.424772175
445,1115640.6502549269
446,1104087.8674662425
448,1110003.3505494029
451,1115273.7533488215
452,1097843.8552573472
454,1103695.165697403
457,1102400.585727274
458,1107889.1813608098
460,1109329.8817298913
463,1116321.1301489722
464,1100027.5845741844
466,1109188.8753169975
469,1105295.6899172876
470,1102966.376765477
472,1114330.0073008386
475,1111227.0966993328
476,1092046.7628075243
478,1121913.3260419122
481,1115534.5330698248
482,1108050.7515955225
484,1111209.8956721022
487,1105562.6050044538
488,1108133.5628567836
490,1112953.3903664527
493,1110041.6721115739
494,1111804.1388291896
496,1102115.7527142158
499,1114404.4123486674
500,1098847.7813824932
502,1114536.098199601
505,1106831.8504552965
506,1088317.8723328996
508,1088068.8252461744
511,1089839.0884707752
512,1084161.5887549324
514,1084761.7218148187
517,1099585.8297227565
518,1092233.3357974426
520,1088385.486021087
523,1093181.9047102067
524,1079745.937261242
526,1092641.3142918842
529,1094139.62877715
530,1082058.6648008558
532,1086437.0823899824
535,1105060.3353269543
536,1085072.5465217775
538,1092155.415353818
541,1095719.7113363657
542,1095700.8484862894
544,1089797.2762457624
547,1080700.882914574
548,1098034.8235371409
550,1086255.2675273302
553,1092104.3902407954
554,1092174.1419565575
556,1082632.0415326885
559,1090477.814658933
560,1087395.5618246696
562,1091326.883558264
565,1093392.4801894068
566,1083271.7976992778
568,1086009.327586779
571,1094723.1012967245
572,1092189.630748389
574,1082906.8890897606
577,1086809.2026132215
578,1092075.4810556504
580,1092597.9539265037
583,1102204.2580559223
584,1081325.6151234955
586,1087734.8879471843
589,1103484.8272090326
590,1087002.6371572465
592,1088203.9281347452
595,1078852.3932657382
596,1085206.1037209353
598,1088084.1646870603
601,1088419.21800426
602,1096108.5236656095
604,1093075.079358946
607,1080830.8154072964
608,1083798.5974706523
610,1089143.5683320158
613,1086543.575139822
614,1091803.6578816962
616,1095921.3666834612
619,1085998.6401238872
620,1090557.8194401425
622,1096225.9417582075
625,1084500.702599086
626,1093864.499441711
628,1090990.8624435575
631,1097525.0855796905
632,1097480.5688010193
634,1095464.0173592733
637,1082854.2733042617
638,1083563.275819824
640,1089561.5474248524
643,1085475.3382190308
644,1085259.1680698686
646,1101491.013782986
649,1088785.3729972236
650,1097534.9699220448
652,1094802.830038457
655,1078919.658816977
656,1092481.228092064
658,1089874.817734428
661,1085788.6990197846
662,1082719.190531657
664,1087723.9254369761
667,1084236.1145136713
668,1088665.7551808057
670,1097055.2071883753
673,1082742.0804042474
674,1092061.9730759754
676,1085283.9845190474
679,1093261.172463066
680,1082327.9619365016
682,1080540.9096155937
685,1091539.5851584738
686,1086700.9674290363
688,1086869.7874703
691,1087600.4892883794
692,1085805.184821804
694,1077874.4200694815
697,1082666.4412249418
698,1085613.4563070799
700,1090282.7861396242
703,1088607.7009618704
704,1083030.5803657637
706,1090371.085075516
709,1082326.1694856628
710,1083092.586133304
712,1081239.4031683148
715,1081960.7172057924
716,1081598.052648748
718,1082601.9569851032
721,1078185.5438809365
722,1083960.77439201
724,1096435.7820898807
727,1085192.9990955547
728,1090899.104422393
730,1089312.7882433187
733,1090456.9293493524
734,1081301.5320371191
736,1086722.8325776104
739,1090888.1486944468
740,1081853.8207301227
742,1090245.5203202548
745,1084619.2650317024
746,1090325.1422632711
748,1086664.2234147736
751,1085846.4746193453
752,1093345.6502641046
754,1089811.5498604563
757,1081850.2939198154
758,1075393.0494689315
760,1103423.003655184
763,1092489.3920745745
764,1095912.946321083
766,1103045.6197452766
769,1098670.1394798837
770,1099499.985239107
772,1107950.8568817186
775,1096397.746606122
776,1094414.0565997702
778,1087576.4223797566
781,1097276.6518825353
782,1094121.4784017147
784,1102207.0682628748
787,1085302.6211728922
788,1093530.4848041264
790,1107176.8885708742
793,1089143.7642032423
794,1099098.6131393483
796,1083781.8033963654
799,1088051.340249575
800,1094636.3402131153
802,1099222.7968616912
805,1093017.6980251707
806,1087935.7965068042
808,1102392.092965896
811,1090719.4038519247
812,1097158.8273887038
814,1100731.8612534483
817,1093679.151093664
818,1092454.2811630678
820,1100812.819141157
823,1091937.4076227716
824,1099990.271168704
826,1095278.6233434891
829,1092215.7853285568
830,1094640.356943524
832,1095446.7557148188
835,1091672.5326192193
836,1099507.7267432553
838,1087366.4316579348
841,1089745.8448175557
842,1099062.0668883515
844,1092964.0782384893
847,1101777.9016566442
848,1102046.735074499
850,1092345.5804324974
853,1090504.686435526
854,1095997.9084541358
856,1109316.9774450632
859,1109441.8980948108
860,1096290.508077258
862,1102129.8955366083
865,1095677.0016528147
866,1087711.4704099211
868,1098811.8157967194
871,1096206.0234791897
872,1090314.0678565088
874,1090891.1093423194
877,1102361.567726687
878,1096149.3938814807
880,1091231.9282714217
883,1087703.8147490877
884,1101099.2964002185
886,1104033.2151381797
889,1083368.1672085973
890,1086885.491110621
892,1099671.1844741795
895,1089544.9845233203
896,1100722.1370888285
898,1091646.0581545208
901,1102608.0692487906
902,1099381.5517421104
904,1088789.8619957308
907,1089956.883522718
908,1101896.4072200025
910,1094912.91626145
913,1096224.9439497527
914,1091694.844427206
916,1094408.6831289425
919,1099725.9987972642
920,1090302.470546629
922,1093903.0925977381
925,1095733.647292361
926,1101243.488983194
928,1097861.5035990584
931,1095873.2824282052
932,1095052.155039928
934,1105237.2150813562
937,1098396.8091199722
938,1097556.454361014
940,1105945.1341941995
943,1096166.8565844218
944,1097562.024568131
946,1084939.6365346685
949,1095657.2619896217
950,1097440.0523887782
952,1088392.633764772
955,1100378.2842638884
956,1087370.7526811457
958,1094448.264215461
961,1097537.0395061767
962,1092052.260969345
964,1096081.7207466117
967,1100950.003516397
968,1104600.4081191723
970,1104781.6891671307
973,1105423.378560669
974,1097251.4942126286
976,1093402.377668668
979,1097135.196472873
980,1091049.8453072703
982,1102472.5998501563
985,1084327.7982595745
986,1104130.3058918284
988,1091411.0203908582
991,1101815.7341995623
992,1100236.0966734516
994,1085644.2115467992
997,1093020.6821820212
998,1097743.8747966792
1000,1095005.7224412584
