,26832142.483943917
1,1132862.2844203217
2,1135781.9678549273
4,1133064.316975795
7,1136643.7873758057
8,1136781.5187481986
10,1131534.4773304535
13,1136166.6515512925
14,1145660.0536649455
16,1137273.0684489904
19,1144721.3769263474
20,1139958.230871962
22,1144076.6484637987
25,1146451.6631618906
26,1136988.0724012472
28,1135480.7731794529
31,1081032.8902258477
32,1072835.3591762222
34,1084533.6459624912
37,1095022.8759057566
38,1080674.1887158842
40,1091803.4838961589
43,1079007.9709743033
44,1085658.426840137
46,1077394.8470618308
49,1072953.3175323915
50,1072234.7216845965
52,1065976.8118881548
55,1093490.625698427
56,1078081.924134234
58,1055500.335675581
61,1084664.2228646937
62,1097352.8335244197
64,1110672.3702748856
67,1098668.6042399553
68,1114291.3672880612
70,1105257.2310963115
73,1105309.8125544628
74,1112273.7601249113
76,1108551.3933324777
79,1099228.9861933868
80,1093824.7837546333
82,1108037.5254621843
85,1095372.4114931442
86,1084928.5748326252
88,1099076.251450169
91,1099368.4498796763
92,1101786.974973138
94,1067273.2305469494
97,1069616.7924960635
98,1078576.3830848944
100,1066150.0015539972
103,1075177.1179503286
104,1058709.5423674583
106,1063791.6241070584
109,1068416.617710147
110,1067627.7381029958
112,1075935.0486956327
115,1084223.188713632
116,1074814.4157334834
118,1065651.5390585442
121,1070166.1023160825
122,1071648.4707225356
124,1073353.4014876331
127,1107673.610202221
128,1121058.151640337
130,1106286.1301339997
133,1116676.019931044
134,1100511.9376963107
136,1113451.729653259
139,1093290.812442699
140,1106242.172237601
142,1119041.4323591492
145,1116461.386627669
146,1106584.3032575112
148,1101962.8931904184
151,1081829.3909373747
152,1093063.5421603762
154,1112792.5302350135
157,1102165.2555405872
158,1111962.0835062657
160,1089676.795485397
163,1079323.5115354108
164,1084846.3139177316
166,1094600.3933352742
169,1086319.8579180036
170,1089801.837785126
172,1094708.0362987355
175,1102603.5788072478
176,1097072.5601390707
178,1107538.2920145034
181,1104517.236102304
182,1099620.756031397
184,1106210.6422170282
187,1099338.6230808427
188,1103198.7541915718
190,1096975.842432705
193,1088672.3036466744
194,1120548.6383563096
196,1108730.324449171
199,1096888.7193934363
200,1102841.9636741215
202,1102874.131142832
205,1095111.889462482
206,1117512.1864467065
208,1103350.310410131
211,1105145.3844621845
212,1092804.6332096332
214,1097498.7841906284
217,1092728.9870129921
218,1091047.6887350907
220,1100644.9684977878
223,1239544.1113935388
224,1258699.2923368716
226,1244551.8625767047
229,1253604.7346657563
230,1255789.597746438
232,1256525.1384129354
235,1252219.539907454
236,1237783.3891645202
238,1246299.2807853862
241,1247767.501893493
242,1256173.331001615
244,1257382.06102539
247,1248730.2737712683
248,1246105.1296912797
250,1244119.675219626
253,1247556.8685837379
254,1095016.9659360733
256,1081490.9589805664
259,1081329.1182269535
260,1080445.250900447
262,1092480.6759276937
265,1093157.0291468375
266,1090133.2385049337
268,1088314.368518457
271,1093420.4138748148
272,1079403.4000452736
274,1071788.6560755507
277,1077073.2136750382
278,1099448.5759686015
280,1093466.2038078508
283,1094551.5281422103
284,1087657.3262701598
286,1081436.8246408664
289,1082105.091797988
290,1093207.0188716794
292,1089496.799764317
295,1074839.0222084136
296,1098091.2656161443
298,1077153.2967014664
301,1066791.0552992611
302,1072319.541695791
304,1078323.595767609
307,1090082.0203153926
308,1081590.3778929
310,1080624.4276066746
313,1082859.3243865492
314,1053108.5581288629
316,1072187.612693139
319,1108641.9335510333
320,1084665.4869505053
322,1082462.9393137433
325,1077671.8466660313
326,1136155.9244116314
328,1086104.5808151609
331,1120415.6248670195
332,1116970.4429951734
334,1115507.1911490245
337,1102090.478954599
338,1104247.1956390115
340,1116546.2853820028
343,1135154.1542684278
344,1085879.3953661616
346,1119484.6451623417
349,1122316.7228173448
350,1082371.8519673229
352,1089081.1199247679
355,1083172.697834119
356,1092284.6754543746
358,1085294.8546169333
361,1089316.9958992312
362,1091888.7889641721
364,1093040.1654409883
367,1085252.9847206746
368,1086887.3187574449
370,1088494.0517905098
373,1094063.3133135173
374,1094778.8448674257
376,1084524.8445809926
379,1090084.187370831
380,1093670.8639882857
382,1174569.0470708427
385,1177160.943768703
386,1175760.9084322797
388,1179386.9342730178
391,1169226.4573534525
392,1173679.665210125
394,1186719.7098304837
397,1163455.2744946126
398,1184771.5097205683
400,1172958.3276229245
403,1185488.8660648784
404,1175167.6607155185
406,1176633.525384233
409,1172038.5704904946
410,1167796.1880147872
412,1170923.0622264578
415,1188655.8284787545
416,1198770.7958848649
418,1194009.071152534
421,1182597.0685952916
422,1179447.306806392
424,1180001.2064968552
427,1184212.1908903245
428,1188772.6565675295
430,1175090.3111953523
433,1188968.4738241085
434,1184109.6036062527
436,1186657.561417659
439,1182334.5466269734
440,1177414.5222278335
442,1167159.5490875484
445,1193817.5571846282
446,1067094.1391550787
448,1061346.9336628795
451,1057861.4046347204
452,1052511.1897619397
454,1049398.7834262922
457,1064727.3273190435
458,1060733.841612057
460,1062972.7501098858
463,1069218.9646786493
464,1071153.2219435596
466,1066016.719061155
469,1056404.8140529047
470,1050623.0272050244
472,1060252.5602835987
475,1075645.0044487843
476,1044289.8463001394
478,1114842.800855769
481,1114176.5608996092
482,1108726.5450995937
484,1112404.3645227167
487,1112814.5605977227
488,1112171.5594491358
490,1106492.8261678724
493,1114083.9018886369
494,1111337.2846711527
496,1109976.0672300286
499,1116070.7132875537
500,1114518.8743411547
502,1115088.7018218962
505,1112899.4829059544
506,1103061.443883884
508,1115625.5186158172
511,1116510.21507134
512,1113812.764550002
514,1103735.7022519873
517,1111670.87798282
518,1115906.582039924
520,1108725.503487771
523,1111968.611609625
524,1104672.31374598
526,1118735.501427478
529,1118188.1402609225
530,1096493.4195663356
532,1111387.5616971217
535,1122103.1586329045
536,1100850.796026682
538,1111704.3635264505
541,1110014.6732586434
542,1117062.5488384631
544,1105677.7464824815
547,1089139.5941007142
548,1094816.0241911327
550,1101269.822861935
553,1108060.4662873098
554,1118304.0649605708
556,1092622.0318934252
559,1107357.4556472
560,1091954.3354755694
562,1098894.9454176698
565,1110041.2394989806
566,1099690.9881319213
568,1087397.2593403577
571,1101456.9334634386
572,1105487.7509341103
574,1098058.6550502433
577,1095020.0531033075
578,1097996.1928116498
580,1115782.3376067767
583,1111676.5285600526
584,1106265.8820311935
586,1107647.7828407392
589,1098605.5061831556
590,1093946.7125216061
592,1099838.0192304526
595,1097713.2728599617
596,1094102.761465608
598,1101521.6698549667
601,1096370.3563689876
602,1104835.948714855
604,1096921.6284421626
607,1069242.0514425088
608,1069382.080616868
610,1077533.1892122654
613,1072464.1100673683
614,1072153.9706614222
616,1079623.7830644797
619,1080321.7733510393
620,1075598.3507693175
622,1075125.901888343
625,1076719.3840955875
626,1072206.8707979259
628,1075080.978589225
631,1078801.2997701962
632,1087083.7230357826
634,1086885.1050639008
637,1075893.7052614363
638,1067233.121047618
640,1076386.7309604841
643,1078796.6115813623
644,1078226.6079929487
646,1076249.0994599503
649,1083902.7246553947
650,1087172.774778267
652,1085791.6330305338
655,1073290.829738156
656,1075848.1954077336
658,1078056.1350009944
661,1083024.3004582026
662,1080320.1725893167
664,1075822.2064930708
667,1089803.595712768
668,1083374.471772608
670,1103539.2944107426
673,1091987.3392724781
674,1099586.1475258796
676,1099086.1249254593
679,1097995.0475392623
680,1086951.0737123645
682,1093672.8972263045
685,1092302.3627264847
686,1096718.6473940134
688,1088670.9361690348
691,1095793.5563376257
692,1100417.9068689663
694,1090919.2296835557
697,1087438.7589361018
698,1098270.0265693006
700,1095707.0989995918
703,1113921.485584071
704,1109432.3991958445
706,1114562.8480780981
709,1115086.16639151
710,1103077.8911758726
712,1104544.6706645961
715,1110057.178276311
716,1109732.3613490209
718,1110447.661137698
721,1107943.3657256684
722,1109584.3749380358
724,1106373.6840267838
727,1109841.1161735696
728,1113833.5030582992
730,1108656.8952363122
733,1114022.7677362887
734,1060432.941761477
736,1062646.4641245129
739,1067124.2155548814
740,1049678.42081897
742,1065760.5959174442
745,1044594.7057567731
746,1049353.6199010538
748,1039359.9624439665
751,1062183.0273382706
752,1083933.7961670866
754,1057958.8500700851
757,1081344.796380928
758,1035686.2793919634
760,1065062.5923765777
763,1048235.6405463233
764,1081129.6088113876
766,1076785.4473160817
769,1070969.987885979
770,1073874.669288822
772,1079692.4646246494
775,1067972.0208749084
776,1051071.8317984631
778,1058481.5307152402
781,1058579.4242839925
782,1057351.1861099892
784,1067988.9041022046
787,1069532.8811525416
788,1052304.570145568
790,1079083.830573077
793,1068631.1418506582
794,1057399.0499118739
796,1060569.2256996967
799,1178146.8754853013
800,1179155.5922053596
802,1180117.2530719985
805,1173583.6297968533
806,1170837.6588465804
808,1173378.4573870574
811,1173905.5790232632
812,1176170.9904517033
814,1179975.8366178544
817,1178201.8117436678
818,1173353.0573113118
820,1176299.0278527623
823,1179085.4626270249
824,1174087.7190496859
826,1172862.790543213
829,1172671.9527039092
830,1051962.3754891634
832,1055620.5904237202
835,1054522.6208558239
836,1060187.8025070385
838,1039735.9367336549
841,1068306.4195932278
842,1063978.8828013823
844,1046810.5003751417
847,1063834.264105947
848,1074111.7874287202
850,1051527.5256280897
853,1050497.8330563093
854,1045091.8567671097
856,1068301.3511130523
859,1058291.5990493216
860,1062754.236606773
862,1049196.344950075
865,1039008.887167526
866,1042383.4998423879
868,1053925.728167702
871,1032283.9462100853
872,1044136.359960269
874,1043926.1049403384
877,1044569.2295319262
878,1038185.743706215
880,1030171.773738295
883,1039330.0267193584
884,1046082.8828809819
886,1049815.4699370707
889,1040636.7819263651
890,1042607.6900453098
892,1054363.7012468637
895,1078655.516282016
896,1085662.7949571933
898,1072349.5922482156
901,1090831.0380527326
902,1087584.0630030097
904,1086124.3268430822
907,1068711.079263854
908,1086586.8704229777
910,1080502.2515058022
913,1096411.7322445395
914,1081714.8087050328
916,1075382.1704520867
919,1086087.4294434437
920,1079776.8447544714
922,1088834.890549868
925,1082133.424581803
926,1082882.833166146
928,1064621.7211329828
931,1072391.541933235
932,1066334.6722832161
934,1100575.7539927764
937,1080729.613136077
938,1057486.7271505967
940,1070841.1809918869
943,1074534.6730278006
944,1061540.9314506995
946,1069165.159223365
949,1065589.1645711213
950,1072587.6275151442
952,1058201.3141810917
955,1072175.5276115437
956,1053495.4774972126
958,1110068.758597719
961,1103143.4198696765
962,1108518.7229383276
964,1098669.6155927135
967,1087558.0889286126
968,1109099.7975991562
970,1108978.6916278242
973,1104858.3899365433
974,1108607.4281032004
976,1102035.0147763577
979,1110207.3430248979
980,1109079.1150945262
982,1077936.1147630631
985,1083747.45165403
986,1108589.769676509
988,1090461.0804087643
991,1084507.9927577283
992,1092778.17086666
994,1079718.5383851894
997,1077296.9319446697
998,1094713.4855890658
1000,1098401.644910461
