,25215837.00202233
1,1066183.5533043528
2,1089561.5851880417
4,1079157.1666469744
7,1046984.3348688406
8,1084516.3551717065
10,1062809.715824599
13,1084706.4575124676
14,1162229.9014499527
16,1157467.5418864738
19,1164913.9987698125
20,1137929.3499873606
22,1156866.724231394
25,1150597.7577569822
26,1177023.5462785475
28,1165397.9708581178
31,1074978.7670957886
32,1048497.4994856074
34,1088193.9754078954
37,1121946.434736855
38,1105614.8447477415
40,1087992.572209482
43,1117501.6647099145
44,1099971.823117807
46,1019290.1550345112
49,1046675.2162248981
50,1053223.2332779486
52,1086639.2196400727
55,1088846.454964768
56,1090008.511994274
58,1103451.8661943981
61,1049813.251277209
62,1100936.1056264774
64,1109070.2608188898
67,1155758.185623507
68,1174263.3928450057
70,1145814.049535799
73,1145877.8924811748
74,1094921.346866908
76,1124779.1695848585
79,1199949.9653433692
80,1201806.9828918232
82,1231321.7024801495
85,1195955.4582605145
86,1196682.4385102943
88,1215930.6050720958
91,1208404.8190250925
92,1199368.1113876123
94,1165412.8021897662
97,1117943.594280342
98,1108766.8254081472
100,1119488.8043896782
103,1122383.1362544054
104,1105446.2239158212
106,1122073.415603087
109,1120909.5380104543
110,1063482.1409944294
112,1069899.771470927
115,1053087.8179878748
116,1070148.5781699808
118,1046109.7812153455
121,1072050.275494283
122,1056068.7934425701
124,1067645.5249944713
127,1063491.8929335193
128,1076681.6705350508
130,1052262.4016277615
133,1066476.9846347831
134,1034303.3663023084
136,1055245.3257838862
139,1073777.135665729
140,1068255.2881658624
142,1209265.2268140905
145,1207008.829143876
146,1208988.5488904489
148,1177157.9462390034
151,1193885.952117257
152,1188221.5977095042
154,1209320.844683245
157,1241824.340577382
158,1282017.2352028794
160,1259856.5644038594
163,1284880.1456392787
164,1318583.6094536872
166,1283987.9069991985
169,1273279.6372949134
170,1278149.5492517485
172,1304206.3914146763
175,1078958.7293812514
176,1103956.269356788
178,1113948.965846878
181,1090730.0371757152
182,1086044.025195615
184,1070201.9248838865
187,1096746.7102066057
188,1062660.3823881822
190,1129771.5808085087
193,1106130.6548402323
194,1115846.848781992
196,1130364.4871383517
199,1117007.896025414
200,1141900.85620583
202,1144893.8393018174
205,1094715.650392685
206,1160444.464192046
208,1148214.6671326908
211,1136337.933345884
212,1134691.084392668
214,1183172.4501608238
217,1141138.4288068004
218,1153808.1343757806
220,1172414.6987289826
223,1131812.7734164335
224,1163210.9879266296
226,1130627.5716336821
229,1097572.9996148169
230,1131263.4834426753
232,1182914.407020624
235,1139610.2670490716
236,1113911.6545018672
238,1120205.8934100666
241,1160656.6323679744
242,1101139.8387752448
244,1134447.7487147097
247,1096424.2262866776
248,1063927.997701108
250,1125165.76358675
253,1116044.043740575
254,1143356.7484420286
256,1140635.4551548292
259,1154707.6483814649
260,1156375.1757967686
262,1151654.9363972873
265,1150971.6200416812
266,1166710.487806103
268,1159974.6379420708
271,1135008.062415039
272,1089568.3093168547
274,1089832.3043272663
277,1083631.991990422
278,1143575.1764992794
280,1083613.155640555
283,1105153.575523256
284,1099751.8016824562
286,1184335.3393999857
289,1172209.4871623153
290,1193385.3059541343
292,1203946.8450284333
295,1174617.8906950871
296,1145709.7014827381
298,1199909.4338432797
301,1183355.3793013552
302,1066929.1586274733
304,1107931.7566635695
307,1088767.5825492817
308,1084555.9077389888
310,1082838.9905986416
313,1089637.868634645
314,1092301.9897277516
316,1082246.6785813281
319,1115711.0917999826
320,1097888.540151948
322,1069979.1715650538
325,1100039.9009132024
326,1100308.0184818779
328,1108780.7400911143
331,1091903.565727397
332,1084997.8853166592
334,1072423.28710818
337,1079426.5802020351
338,1070558.2472601486
340,1088534.9660922112
343,1092070.204275626
344,1086607.2727814529
346,1083839.754819653
349,1087962.0626097328
350,1138819.981517458
352,1160274.219469835
355,1130063.8305799905
356,1155619.8803118996
358,1132203.7809562022
361,1160588.7026360063
362,1124974.2137075525
364,1141015.2080941363
367,1094966.9627758262
368,1087133.1096691964
370,1096304.6183544155
373,1096678.8318676855
374,1093888.7067739877
376,1079425.1592130554
379,1107625.3306569962
380,1099057.2481942917
382,1102476.0777331195
385,1094912.7536935944
386,1087563.4261892443
388,1101876.286563088
391,1088405.0936526142
392,1100637.4344592516
394,1083769.007543314
397,1056169.046690809
398,1199084.9981675532
400,1184387.8768741167
403,1197222.4276822542
404,1172627.4554849695
406,1168880.60741322
409,1176835.448703853
410,1204027.7674768886
412,1203009.1524629637
415,1061827.777584147
416,1078443.9338539504
418,1047989.0583822571
421,1081055.3051683267
422,1056270.933004449
424,1050050.6973886508
427,1067538.5108096157
428,1060558.4918945476
430,1096568.0148207608
433,1072009.0276444852
434,1091584.7392771286
436,1122943.10429232
439,1090922.561712388
440,1104180.14106204
442,1090693.1395883476
445,1094826.9542648245
446,1166726.9989311423
448,1178055.4359838467
451,1183369.274868113
452,1166228.7167241352
454,1179700.0066643462
457,1142183.3971670351
458,1154260.7674944683
460,1137611.955436879
463,1066102.6815766396
464,1114602.9694312122
466,1078150.3517736439
469,1081790.673405638
470,1108423.1265145845
472,1084095.4657194098
475,1088537.0804597973
476,1080653.8025301527
478,1026190.0183096179
481,1002267.6361344135
482,1022329.879454732
484,1013578.2486981023
487,1036811.6268471382
488,1008821.2202764053
490,1020070.2377722549
493,1042714.6236952255
494,1144764.2487545747
496,1126888.7836188877
499,1142522.8696310015
500,1134936.7794709206
502,1137730.9010977854
505,1124193.442324124
506,1129306.9159514664
508,1123085.926021566
511,1118842.6641654957
512,1119951.3385832421
514,1132435.7190832032
517,1163318.706288067
518,1149937.101881539
520,1138384.2401634713
523,1137835.5111339465
524,1107648.757405743
526,965092.2388290677
529,980552.7815007285
530,954722.0078525223
532,978895.2455300033
535,989198.1038892851
536,966201.922360245
538,965201.7307384154
541,975048.4241248997
542,1061021.3537467907
544,1044108.8762888142
547,1039292.4676184044
548,1074763.7110663953
550,1082437.0305962623
553,1054178.0119882154
554,1066107.5598087802
556,1024564.6545130356
559,1125930.0723916192
560,1164913.0515030099
562,1064311.9575096145
565,1143767.1107112984
566,1144953.8307753876
568,1117929.8314927607
571,1121239.2885798002
572,1134783.161843249
574,1100921.949556867
577,1112707.6954630555
578,1108139.8208387601
580,1106745.6271641327
583,1112419.110459772
584,1116721.044044227
586,1093066.1107504216
589,1116443.2716658674
590,1074057.5519004613
592,1096919.2709135185
595,1092514.046388116
596,1087154.6027504746
598,1089338.7583848746
601,1094426.8591256621
602,1096757.3256748414
604,1127107.0260538256
607,1047573.120762274
608,1057278.3177121389
610,1038091.6445971723
613,1051713.1534652282
614,1058673.474776881
616,1047529.8786726813
619,1040277.0765063112
620,1067335.9152777335
622,1135570.320914801
625,1121293.9256231294
626,1140946.3061608723
628,1143741.4009543548
631,1126772.039376899
632,1140674.8934304204
634,1113318.3916248644
637,1135783.9164314086
638,1129027.5128638227
640,1144672.1153073597
643,1153763.4927565523
644,1132723.400360787
646,1145861.2600391498
649,1138768.1324619397
650,1156118.7450544355
652,1151486.8017717511
655,1198256.377940404
656,1153834.6066438942
658,1203247.357593042
661,1207876.7600953828
662,1188834.7419510924
664,1211801.9242955307
667,1183025.6677519798
668,1188984.0630249735
670,1109616.1328534589
673,1075912.282752674
674,1073148.3505751388
676,1100802.7114621815
679,1112736.6467424184
680,1093680.9766669266
682,1088326.7969236167
685,1059493.3939330345
686,1108733.769371561
688,1113513.1320398757
691,1148413.034214621
692,1110967.2805432838
694,1100872.404681173
697,1112825.1736539206
698,1133276.735939343
700,1122379.8334280276
703,1150953.4118084286
704,1136070.6697306824
706,1118527.2963917614
709,1119332.2872111856
710,1109501.3858497653
712,1123371.7623104942
715,1134969.8483335623
716,1144775.201616337
718,1124277.4661829614
721,1088291.2555438436
722,1088119.824428477
724,1092531.4335875032
727,1117596.5621646123
728,1090721.3087991134
730,1093511.4548529848
733,1105031.0975582106
734,1036440.4464395026
736,1069130.0007400352
739,1052172.7499835272
740,1062931.7227094744
742,1050744.2595840541
745,1055747.025232802
746,1064861.226626923
748,1068956.971682658
751,1125190.289983026
752,1116800.4669169777
754,1105296.1372535368
757,1146182.5003394776
758,1120493.3913054946
760,1114919.8158147288
763,1100149.7595046572
764,1157895.0259365607
766,1018875.9487285824
769,1027296.1401778497
770,1036076.1223207974
772,1017970.2960353317
775,1034142.8647986328
776,1017436.0696602626
778,1019491.3732160984
781,1012788.1888592885
782,1136045.4800617723
784,1180198.8259859611
787,1170913.061895037
788,1108443.276680363
790,1179579.1070261165
793,1162436.0045042576
794,1165900.9544682694
796,1191123.2509054332
799,1122436.889766159
800,1102476.4237211822
802,1099791.6778653534
805,1097089.5108248799
806,1090837.1961142984
808,1103107.4882144202
811,1131391.9358786102
812,1099352.749993382
814,1041012.6771886647
817,1030312.7301306849
818,1028886.6203867673
820,1030437.7025678741
823,1038180.0477487403
824,1039135.7369543144
826,1003876.7806006635
829,1028168.4634141481
830,1117845.2725741852
832,1155599.4876686952
835,1131279.1291856
836,1182417.4456452206
838,1148525.702301109
841,1167486.2279966262
842,1168800.8394890095
844,1191483.7886230177
847,1076778.0858875618
848,1030972.5281696445
850,1033151.1622978589
853,1073232.2613451302
854,1061884.838004296
856,1069478.5661258365
859,1067201.2957609277
860,1073106.2065108574
862,1116750.3979775088
865,1119108.8961277695
866,1111989.6661947155
868,1118745.0074565671
871,1087401.8283917638
872,1109171.4867738185
874,1104730.1589698812
877,1109837.0909183675
878,1082272.5802814492
880,1071114.402690996
883,1091774.2982574392
884,1108173.4185118582
886,1076948.6614564245
889,1089736.6587920822
890,1097407.3591811329
892,1099408.395055503
895,1025756.9155778117
896,1003481.0129504411
898,1004356.8763773332
901,1003345.5670403735
902,1034720.6004775186
904,992317.7948300655
907,988939.8046670187
908,1013874.7641766976
910,1104996.1087287231
913,1094709.3403598922
914,1096060.46592833
916,1095482.4703402899
919,1075227.151339244
920,1120326.439783169
922,1121302.8430791618
925,1136499.7644176567
926,1133696.6561228663
928,1177807.6774793433
931,1152314.0331490594
932,1130911.242529878
934,1147221.3251253993
937,1135976.3244741538
938,1120788.9197633548
940,1142194.852933078
943,1113643.2481577902
944,1137634.3299776271
946,1125386.6100809653
949,1129535.7419804665
950,1120578.0891994876
952,1119374.8229686255
955,1126928.648616176
956,1102591.7994221789
958,1188872.8284527294
961,1208816.9299838715
962,1179764.080960481
964,1186821.1957562133
967,1196825.0776531803
968,1209057.445454144
970,1177959.1121357232
973,1202063.5056246547
974,1114540.9721216392
976,1110712.2768065368
979,1131733.5297316427
980,1130063.2497566433
982,1116016.5322789303
985,1123895.9917209886
986,1110643.1748111856
988,1148787.2539797535
991,1103943.8530389688
992,1141309.8767532595
994,1125350.4675938478
997,1115978.7584825966
998,1123306.5853833442
1000,1162682.5328633103
