,25612894.650696903
1,1100980.4968353836
2,1093202.2695890502
4,1088795.7363342112
7,1095726.399544571
8,1097523.627945304
10,1084750.0872629078
13,1078526.1622029745
14,1097581.481163221
16,1097171.3600362183
19,1087840.6474858387
20,1100141.3592689042
22,1102571.1687223178
25,1084664.0768555673
26,1082817.8393381683
28,1103318.761442483
31,1093728.9238765633
32,1074438.2857784114
34,1088312.0205182894
37,1097226.181868748
38,1086939.8746798828
40,1091566.345261763
43,1074678.8865218326
44,1098828.361840141
46,1085981.0737741815
49,1091590.2113981957
50,1088400.2317038225
52,1077075.8633622378
55,1099574.8372123167
56,1107096.8176809247
58,1078397.905053741
61,1092396.5621764043
62,1094601.409599414
64,1128433.94759962
67,1126797.1262022452
68,1128564.626378227
70,1107921.5810001006
73,1101741.938998108
74,1116986.3878986693
76,1120017.2701437038
79,1100794.5021279757
80,1081916.276247405
82,1119456.5184304079
85,1107629.929428018
86,1146093.4952662901
88,1136867.873936832
91,1096241.1405138725
92,1101244.1312824662
94,1093435.0746318914
97,1085615.09116137
98,1090810.6064982666
100,1085163.8318096327
103,1096895.9531915141
104,1086784.3974722123
106,1086379.5103177305
109,1094521.564458746
110,1087415.1970460296
112,1094782.3745180035
115,1098775.758080944
116,1095995.4956745508
118,1095006.375382394
121,1089921.768197838
122,1100374.3182566948
124,1092581.773423023
127,1112079.9575521126
128,1113721.1100688821
130,1111445.45415857
133,1121922.4322362433
134,1115833.6876548415
136,1116855.8605247694
139,1107898.192347674
140,1107365.4857845262
142,1111959.4482858211
145,1108308.0644547453
146,1114870.3028933974
148,1113026.6131115013
151,1120664.0952320488
152,1112776.1836341436
154,1119092.1782100815
157,1112659.2825851643
158,1082114.6476018736
160,1091855.3214883336
163,1095369.994612998
164,1089328.6499996556
166,1093460.2221434112
169,1092324.232276176
170,1095649.8224693025
172,1092124.7209341526
175,1090054.06105046
176,1083733.495874399
178,1106883.2609328467
181,1091565.2809267307
182,1095933.551817958
184,1094607.3022215604
187,1093630.5160137843
188,1094677.8171898536
190,1092253.411078174
193,1098164.6556831975
194,1101832.2993784293
196,1118475.1145642095
199,1087889.0291189617
200,1112180.2457616976
202,1093644.2643914113
205,1101928.8963015887
206,1099373.0982276164
208,1119808.7094319623
211,1097670.9465688593
212,1094125.640698937
214,1094825.5226683472
217,1081907.3736929162
218,1098867.828848645
220,1098438.419013901
223,1092506.430857127
224,1129490.9128688292
226,1116863.8928219667
229,1124196.4899352747
230,1121458.9454676758
232,1109386.3615788568
235,1118875.6838064974
236,1103662.8845378612
238,1106628.0721335644
241,1110393.6811844455
242,1103584.4125439227
244,1111002.1035983877
247,1095941.3310470025
248,1092048.2135569183
250,1111148.084179435
253,1116020.8324945616
254,1107955.153267644
256,1116927.6754077964
259,1101509.9478647949
260,1109388.3057011813
262,1122025.8789897775
265,1116338.002831996
266,1127150.1492090232
268,1130179.430310922
271,1130404.0300622408
272,1100471.255308452
274,1114555.3136670685
277,1110132.8331550336
278,1114503.9263772555
280,1102785.0190837926
283,1105004.0064205907
284,1136858.59723037
286,1076992.4402127203
289,1081824.2438460193
290,1072454.2230059577
292,1078607.7007671543
295,1073897.14909417
296,1081183.8192994806
298,1077017.1443995885
301,1068496.0804963026
302,1078404.1706529234
304,1064719.5472997464
307,1073346.387048701
308,1069746.6726564153
310,1081368.688296208
313,1064543.4358509525
314,1060157.9224697975
316,1077842.4641549585
319,1087192.7684862071
320,1091640.816313122
322,1086999.4603537489
325,1086910.6528782023
326,1099608.7210594793
328,1083961.320973888
331,1084675.8903035903
332,1092172.1374413494
334,1080288.7200294544
337,1104174.6574677425
338,1092170.0245400143
340,1093270.376583969
343,1105933.8822632267
344,1089452.8988446994
346,1094843.3723823505
349,1088720.786919637
350,1075408.9743799446
352,1085766.963126865
355,1077027.7212321146
356,1096423.5077328521
358,1079626.7827891035
361,1098254.1317169801
362,1069196.831954154
364,1090038.38009445
367,1100798.1371092657
368,1094654.2489755126
370,1096297.0481679945
373,1081854.7213014585
374,1103699.0856034628
376,1071088.7999507834
379,1111699.4129634572
380,1086234.0580263275
382,1078170.1080204581
385,1091445.9677103756
386,1086255.7686963244
388,1096499.5808914416
391,1070186.9149850877
392,1104723.612883425
394,1088921.7173310905
397,1095506.692163118
398,1110218.8603904003
400,1105346.3863736484
403,1079774.7307144548
404,1094187.1571556756
406,1068935.9447152223
409,1074804.8876001255
410,1094822.248154905
412,1093375.3432934983
415,1089183.566911267
416,1098692.1956834646
418,1092940.705951005
421,1076157.6042347783
422,1087580.8244553406
424,1097768.4924853076
427,1101604.648881987
428,1090041.7890609405
430,1068466.1381858638
433,1093216.4928085275
434,1083524.4135094136
436,1089447.123308319
439,1087940.522313327
440,1089100.6772778921
442,1088650.4830467026
445,1087112.9264092012
446,1121617.5162783044
448,1119665.0664714763
451,1121604.483329826
452,1120182.175885968
454,1119975.7506360656
457,1118358.1996358342
458,1109592.4139222852
460,1116548.2481631357
463,1113878.6246264754
464,1121591.2501592105
466,1117497.6686883236
469,1112420.7515450765
470,1115250.941760574
472,1120468.5160572857
475,1118505.5431446442
476,1115076.525208675
478,1060685.1081064588
481,1063536.0177234593
482,1073758.4599665194
484,1057523.3148709459
487,1045557.922039995
488,1054894.2571323598
490,1038622.9919502753
493,1051124.2529248395
494,1062709.0171681186
496,1062322.0356039847
499,1054466.8205618905
500,1053850.5945928553
502,1060838.7460238065
505,1057867.6582452548
506,1066422.4777120762
508,1062139.5917572442
511,1042670.9018133016
512,1038300.93003572
514,1043006.2169795797
517,1041421.4908866682
518,1040616.7578413824
520,1038583.1058188442
523,1042152.2122888333
524,1037325.8846926334
526,1039725.6791568742
529,1044156.2917964236
530,1038592.6436706798
532,1040928.6143928986
535,1041585.6033360374
536,1041938.4373670457
538,1038441.6500992847
541,1041187.5989552796
542,1102475.111650923
544,1096639.9411869165
547,1093742.4678511387
548,1099587.2556371954
550,1096737.3834886986
553,1097714.65820439
554,1104242.5174734718
556,1086316.5689754535
559,1101278.1356123106
560,1104344.8923240867
562,1099417.634054525
565,1104059.4455943713
566,1105864.264141409
568,1094349.0781209506
571,1104614.5932197466
572,1106974.4416089398
574,1049550.1732288152
577,1061038.7483931514
578,1049329.3441853353
580,1057506.0553737076
583,1042112.7332126293
584,1057848.8494578267
586,1062358.3743980643
589,1056025.55812523
590,1055245.406372245
592,1058977.845871154
595,1051870.5357962716
596,1047203.9961398271
598,1051129.2384657324
601,1056637.4800444196
602,1070887.3843762367
604,1053906.3482287228
607,1103597.712135372
608,1097215.944588646
610,1104928.4810284362
613,1085469.6958262662
614,1117874.7331297437
616,1128214.271505869
619,1105902.5135446016
620,1118630.1054939993
622,1108666.779132285
625,1097625.5139306944
626,1116781.2202050209
628,1099587.1281517872
631,1109980.3405647706
632,1109203.9805442046
634,1114126.556267657
637,1093729.9983790389
638,1102311.1499049
640,1118575.1773258122
643,1113973.7857325152
644,1102244.4462268983
646,1131005.9713985703
649,1108644.3853781798
650,1128789.568821108
652,1115424.0676738785
655,1104055.849800538
656,1121217.0526318757
658,1105811.3292624622
661,1110114.62082098
662,1109909.853724353
664,1098151.3916909415
667,1121010.232582678
668,1120174.533470651
670,1120118.071106358
673,1126355.3458527715
674,1123710.0981895495
676,1117886.6505068627
679,1123118.3067110104
680,1116275.1682233035
682,1129957.8929940427
685,1111152.4367080906
686,1117360.6445229966
688,1119687.2673978847
691,1129493.9042364066
692,1118411.875956185
694,1118289.4143844936
697,1116838.9765688702
698,1126082.9863482201
700,1119742.9864522622
703,1087708.6723886526
704,1093876.1771715626
706,1073131.8613370527
709,1072013.2972181549
710,1081941.7645794076
712,1076481.3490198234
715,1088813.5115791583
716,1096061.9881111365
718,1100963.2163748902
721,1088407.1555950162
722,1075499.4166501248
724,1105648.101655368
727,1096365.85968909
728,1113711.8706931344
730,1088760.4064146872
733,1086783.960635289
734,1127621.8906357002
736,1120145.905034149
739,1117833.9795577035
740,1130870.5352400756
742,1113904.8128377055
745,1122326.9646551635
746,1125423.2229971625
748,1120090.13274405
751,1127525.0598261752
752,1112707.7683042502
754,1123592.5454125777
757,1124472.238903864
758,1118810.0540611506
760,1115520.7394645605
763,1116923.4002856072
764,1118773.387412104
766,1073868.8721062762
769,1072022.6781290937
770,1081198.4564245248
772,1080867.9262923116
775,1075273.8875630912
776,1084639.1934803498
778,1072160.6979526118
781,1073583.55449228
782,1073916.8027791157
784,1079593.6562664548
787,1084974.2860920609
788,1070579.382839795
790,1085146.8856556541
793,1067740.880311039
794,1077016.012138958
796,1066536.9885395686
799,1144640.7238441485
800,1138524.3734764154
802,1144211.3698762553
805,1141390.8491700809
806,1142281.038489286
808,1143941.1351854482
811,1143906.4556403016
812,1141785.7390005218
814,1146986.22504444
817,1149480.4852927795
818,1134094.9939146524
820,1143095.0054829167
823,1143148.776512845
824,1142135.8136376585
826,1137474.428751884
829,1146050.0748085082
830,1097047.2603434115
832,1096504.4748188204
835,1091184.1868042494
836,1097124.2698276408
838,1087237.4311546923
841,1109228.7269518278
842,1099812.7098586268
844,1096334.33923103
847,1111859.821014326
848,1114396.2965278865
850,1084734.5146751562
853,1075229.1556075343
854,1084797.3760788564
856,1128737.978164975
859,1103544.6430278134
860,1103166.599798635
862,1165282.1943491066
865,1166242.6114667945
866,1164002.3851144565
868,1166473.2296913085
871,1164310.44409505
872,1165157.8427160988
874,1156980.458998864
877,1165504.83776178
878,1161861.2716036316
880,1164044.2126060876
883,1163774.7055619797
884,1168982.4001824372
886,1164105.0268526657
889,1160443.826982721
890,1165129.497651859
892,1161334.97992483
895,1073347.912519756
896,1081215.5463985591
898,1073468.185488355
901,1080576.9395660935
902,1068291.1917023854
904,1061296.885079798
907,1055657.780680546
908,1077945.8134138542
910,1069278.3351038967
913,1077978.439071247
914,1080579.1687313935
916,1059621.939769808
919,1079957.0540457678
920,1072763.3438211533
922,1079337.4851177451
925,1069649.8924023919
926,1103780.7928181041
928,1118164.6213776038
931,1107314.6600372826
932,1100309.2070081534
934,1100153.7938956327
937,1103506.0862232111
938,1091679.2692460378
940,1095192.3858166898
943,1090246.0408815008
944,1105353.93414572
946,1103587.3791356622
949,1109099.700203654
950,1086918.4964677137
952,1086830.7312778179
955,1097074.8689427408
956,1094084.8121045323
958,1203604.900352405
961,1194759.027492461
962,1199181.6842879034
964,1195686.4667646955
967,1197759.2682300177
968,1194444.7559485007
970,1197957.5888096984
973,1195269.559596729
974,1198375.170210521
976,1197306.2389969337
979,1205617.3424921308
980,1196322.6907572635
982,1191621.263928576
985,1195797.9902885598
986,1195087.7308618452
988,1200302.566443251
991,1110200.9086570707
992,1096244.9037399848
994,1109673.5492218114
997,1097778.6004070959
998,1116534.3725877234
1000,1107057.0563992616
