,26916422.825349994
1,1139755.8843651265
2,1148385.3913959595
4,1119703.2452822444
7,1130391.8108910692
8,1144357.6709378085
10,1126492.994188282
13,1141903.9015618493
14,1115587.173920139
16,1103768.5811336548
19,1149213.2729207533
20,1084489.7620230308
22,1116669.7889873614
25,1136253.2565614986
26,1130809.7395083343
28,1132806.4814390535
31,1174132.2319787373
32,1167645.3572946407
34,1167337.4639616783
37,1161076.7498045282
38,1150685.357164162
40,1145400.3154097376
43,1166003.9533872106
44,1188020.557013187
46,1223659.8164482855
49,1247778.417601442
50,1269773.5314905653
52,1233258.0358751593
55,1247351.0964406456
56,1224510.958017119
58,1243496.472867277
61,1237361.519703613
62,1200267.398158057
64,1194116.6972622317
67,1204393.160085445
68,1216159.0318585266
70,1209254.0288757714
73,1199474.40890836
74,1202363.3087647755
76,1198737.0885254622
79,1095610.4829662004
80,1106424.989548049
82,1101439.2803462443
85,1113574.4521552515
86,1124261.414760578
88,1122052.0815798587
91,1097664.7219705463
92,1115418.0846597725
94,1132087.8248211087
97,1097960.9097522844
98,1107907.569692854
100,1092209.077031722
103,1127547.0676117283
104,1099571.9246098197
106,1088257.167918521
109,1117448.6976725757
110,1119208.2239337235
112,1119104.2043769355
115,1098356.5885712944
116,1116103.181878663
118,1101146.851309023
121,1116676.0996362846
122,1120304.3425699593
124,1104927.9835731585
127,1153642.1464093777
128,1168215.7080311747
130,1159493.3438696219
133,1122095.7847788497
134,1123597.299997693
136,1139877.0919476612
139,1146212.5470743373
140,1138333.5903144565
142,1147003.7527327244
145,1157442.8581111175
146,1181746.198403937
148,1150780.142521682
151,1153800.1443291975
152,1166527.355278494
154,1164352.3734033024
157,1155792.8047347718
158,1129504.0828987088
160,1112477.9170623096
163,1106947.0593467685
164,1108283.6394238593
166,1124864.669078071
169,1092848.8373498651
170,1107283.997831978
172,1129032.277203651
175,1150872.6092283449
176,1169090.9229884702
178,1149416.943524041
181,1147630.067979361
182,1142016.5421471086
184,1128396.7729510472
187,1131656.2764489232
188,1098262.907462107
190,1079735.5892950476
193,1073731.107889045
194,1093227.8264495833
196,1083085.518698062
199,1097209.3098575426
200,1109490.5991069588
202,1119555.8537639203
205,1091795.2128347897
206,1132933.5680708822
208,1146399.5799915378
211,1130717.6725861053
212,1108319.6943973016
214,1132190.9865212552
217,1111085.8129949956
218,1128146.2040150594
220,1127635.1917560305
223,1037512.2707154189
224,1047671.3237136994
226,1054259.319500288
229,1041986.8745660546
230,1041375.1497066255
232,1052756.0260977042
235,1046963.5666419014
236,1064779.3029708625
238,1048083.9646846037
241,1019455.0763254206
242,1026830.0968974557
244,1063976.4123327057
247,1045731.6736548501
248,1025969.9961155836
250,1049612.4314476384
253,1054854.1023584227
254,1088273.5576706384
256,1072142.6736325943
259,1100351.361411425
260,1093513.484134536
262,1102213.4809086432
265,1114877.10286669
266,1093257.0470550014
268,1087340.9985684587
271,1174439.928929905
272,1131369.8750985016
274,1180073.0522447259
277,1179960.4884641257
278,1167954.8037759026
280,1144914.8062645325
283,1156206.7926223306
284,1183539.4015340141
286,1059982.975940354
289,1054071.2121774196
290,1063785.626921609
292,1069560.0266913942
295,1022795.3517148425
296,1040500.1290639315
298,1048882.887407621
301,1065515.4582540055
302,1032209.2253751259
304,1057981.0732807422
307,1059980.4004246404
308,1042699.2485488853
310,1062895.9640562008
313,1051934.676796345
314,1065917.3725878687
316,1055812.736392778
319,1095382.6254603362
320,1093162.4048603266
322,1070251.8894324142
325,1070467.2946759937
326,1080616.860896435
328,1076152.740068316
331,1087567.2719101498
332,1072795.185023175
334,1070990.3937193537
337,1088931.4265817804
338,1086692.7531498785
340,1065104.8974369878
343,1097427.7075708532
344,1078788.0363855101
346,1098803.8921245402
349,1084899.8689288872
350,1125262.9906551174
352,1116098.6037250163
355,1138680.201115776
356,1132184.8663910718
358,1110153.5452302676
361,1126483.310808025
362,1118509.402659117
364,1123864.8382300008
367,1136892.2831801607
368,1135322.863393045
370,1120986.4517668888
373,1131847.921800251
374,1101811.876540146
376,1092235.2583978334
379,1138707.7963361596
380,1119711.966572517
382,1043823.3074748728
385,1076319.2754688675
386,1039647.8240387797
388,1046885.2796035693
391,1033139.498068118
392,1037773.7523520727
394,1050818.0294078796
397,1046324.6708697883
398,1123606.2410816397
400,1117103.4962678393
403,1129201.2972519016
404,1100615.6017528733
406,1090365.9647505318
409,1114011.2411244586
410,1120314.5625552507
412,1131022.8515042998
415,1100893.1137410265
416,1117201.7862356869
418,1093723.9605496284
421,1095505.7314138766
422,1113826.8920954007
424,1093279.2858021655
427,1122883.440078518
428,1084337.316974327
430,1113281.522823065
433,1120413.2764020867
434,1099595.1100386349
436,1130061.3672668838
439,1104500.3435667409
440,1099675.2269783143
442,1137687.4620582722
445,1119445.6524923523
446,1128533.4643743078
448,1124476.5582910685
451,1155916.128299691
452,1107141.4891292998
454,1122714.8887316214
457,1106418.65004187
458,1139969.8940152323
460,1129013.4890245905
463,1110521.062935429
464,1111034.0085223073
466,1102531.5741095329
469,1101768.7209639354
470,1126304.21441796
472,1104887.9363997523
475,1116683.3789459034
476,1120906.1191817154
478,1135278.6612847652
481,1140243.3884548943
482,1133412.2672251584
484,1125480.4831878894
487,1127556.198474173
488,1110732.1179037096
490,1117469.6586525629
493,1127620.761538937
494,1094415.3864554367
496,1081956.6439853169
499,1105730.7307473884
500,1116248.4732372102
502,1095770.1525105005
505,1103069.3675571592
506,1107774.4612276359
508,1088645.7528953927
511,1147821.3514957428
512,1123942.8561303187
514,1140897.2958622568
517,1176398.058516062
518,1141096.2961317485
520,1186379.3914468975
523,1141311.1629235647
524,1142353.0810564177
526,1084291.8827825072
529,1119646.8665350408
530,1100266.1461065118
532,1148102.7907560263
535,1105810.8168862895
536,1099120.1551661363
538,1096610.5116195807
541,1109658.4134251266
542,1079329.6810244839
544,1085955.6285031463
547,1081055.9149670477
548,1093110.396762617
550,1106729.7295592832
553,1081871.3433018709
554,1086046.846987298
556,1072539.157022552
559,1161201.5523645445
560,1154446.3651431706
562,1148577.9083905695
565,1148722.3791666059
566,1163557.1584975151
568,1152423.196637937
571,1158613.8729252045
572,1145134.799655673
574,1090512.6497906647
577,1105330.5735079763
578,1118359.4431093938
580,1101555.9318935645
583,1117969.6037941978
584,1108472.4970014854
586,1104778.9587978728
589,1134653.592143223
590,1122052.993973538
592,1121880.4132967782
595,1126656.5134108823
596,1127965.2222450085
598,1129995.835058046
601,1138663.4640067206
602,1136067.052564758
604,1143639.7398169662
607,1119434.535522501
608,1128454.2020129526
610,1109059.218732252
613,1126898.5972739204
614,1105077.5179388071
616,1120908.8985403997
619,1126408.2158668898
620,1152812.3887021951
622,1178829.1860529971
625,1160073.1541156922
626,1158928.0947059223
628,1209574.9637311732
631,1172970.8500243037
632,1199658.743039621
634,1184510.6059835954
637,1190058.5629666392
638,1074883.9756232402
640,1066039.1140730712
643,1052312.7232343724
644,1054571.2264126844
646,1056886.339868023
649,1060256.0881071226
650,1066715.718328983
652,1066181.1333845754
655,1133974.82167804
656,1139728.7285243734
658,1151422.9775171275
661,1121518.3363659747
662,1115854.3715752505
664,1133525.636158225
667,1146671.878504915
668,1144951.443268571
670,1072734.5602312281
673,1077320.7802083618
674,1049706.7656619956
676,1062887.5118452976
679,1069537.9771343165
680,1084250.9684184345
682,1075329.543575482
685,1081616.9363005138
686,1123965.1177670723
688,1129419.7294210598
691,1123321.0246724968
692,1136300.9034398969
694,1115714.0593658178
697,1156753.1189835719
698,1131187.6071493686
700,1096944.4478982938
703,1175420.7613008304
704,1155943.2005684422
706,1131490.3228808173
709,1128649.8804517714
710,1141672.4976415979
712,1185791.9946425706
715,1147690.14379669
716,1155087.560073063
718,1107503.3905291439
721,1090808.6355331347
722,1082689.4032353759
724,1129129.5720327592
727,1117967.0141893178
728,1117634.9225872362
730,1132693.473205215
733,1116276.5896746
734,1058707.827997713
736,1107795.7520790764
739,1080350.3037645773
740,1076247.0055975479
742,1060219.1081530303
745,1050557.3482700656
746,1111299.920538982
748,1090873.2377695364
751,1107998.3208223977
752,1127459.87164359
754,1113245.8684054585
757,1121793.1528134388
758,1105678.129665244
760,1120339.2626628473
763,1097374.5836953649
764,1136796.9317371168
766,987363.2498059926
769,996960.6039976107
770,1008893.7762385403
772,996353.8699225647
775,992612.0528437488
776,983928.9872172864
778,998711.4677713591
781,987820.9511334293
782,1192020.6642718706
784,1206219.1324404664
787,1230928.815896441
788,1204153.207207694
790,1209539.895518078
793,1223928.9268277327
794,1187263.4482973914
796,1218321.3717037064
799,1213477.3121650268
800,1219369.9386697197
802,1192008.5255088254
805,1181783.5558543652
806,1214290.7852961833
808,1181607.5952550091
811,1199511.3458668822
812,1198500.7048238844
814,1067741.4737198194
817,1057620.8402980103
818,1007334.803050917
820,1127037.5501246038
823,1117117.9472147846
824,1053945.247408208
826,1056298.9941332508
829,1074897.9380231304
830,1134123.6578593089
832,1177963.1795542422
835,1156678.6980337459
836,1141105.1151340387
838,1148044.7599928644
841,1172467.7017168128
842,1169141.5652881411
844,1132540.610906298
847,1112691.5460822044
848,1096508.490240536
850,1123520.4198104145
853,1131603.876736574
854,1126585.1552939462
856,1100055.4753546761
859,1116484.5000341285
860,1106518.4980041352
862,1155148.3813433326
865,1142249.284468291
866,1136517.9284938818
868,1158825.4092424507
871,1118520.4569325498
872,1134441.0185154525
874,1137963.9121750633
877,1135630.305221245
878,1085582.9106562189
880,1085081.6163509735
883,1113007.235493197
884,1119840.544219741
886,1112697.5586102467
889,1106576.7107413793
890,1148385.287946053
892,1118031.4270351597
895,1145351.6786122213
896,1111634.3963086023
898,1127061.032380727
901,1133998.6384857825
902,1126763.5588856125
904,1123767.4046908843
907,1138595.9942929167
908,1124650.8058274733
910,1122887.4123045267
913,1091897.5801308157
914,1106034.9095937344
916,1134927.7601561798
919,1109545.6824099196
920,1136370.1457643001
922,1123697.9539363426
925,1133387.0509910053
926,1041121.1946555027
928,1101169.5065285082
931,1031700.4856608274
932,1054269.29950064
934,1077416.9791962565
937,1078875.467769232
938,1048000.9490191352
940,1034154.9637078264
943,1140769.6573230391
944,1169429.8046692945
946,1148318.754303723
949,1163608.2895922116
950,1131655.0636698366
952,1156170.6890394187
955,1133520.6245363986
956,1147952.0598789505
958,1042881.0259065442
961,1070931.163568459
962,1075664.0514857515
964,1076011.6914850126
967,1094433.2952540882
968,1090415.9369026525
970,1070631.4041051224
973,1060847.8714144214
974,1088251.3722277954
976,1103122.7924835908
979,1113812.0536837047
980,1127443.2089894775
982,1095842.59962685
985,1113244.3300801967
986,1090675.8779093635
988,1129390.0574527388
991,1051020.0207716306
992,1057649.3169714324
994,1074328.0270565276
997,1086936.7247307012
998,1052369.7794272024
1000,1067880.4190969553
