,29289165.330854982
1,1240111.6616837927
2,1242637.9722900034
4,1241432.9019797752
7,1240313.8747862454
8,1240952.8630065254
10,1242843.5967715573
13,1241425.9342127736
14,1246943.532163874
16,1242834.147305331
19,1239435.8257060938
20,1241780.5783510623
22,1243928.1221500344
25,1238081.543913986
26,1241870.3941132117
28,1240928.2567236074
31,1243553.2780965262
32,1244408.7219465356
34,1240044.4492349643
37,1243514.9878748297
38,1242605.5581441151
40,1242754.2362768585
43,1242516.1847450286
44,1243520.8362191084
46,1242436.965920179
49,1242391.8311821476
50,1244696.0629017476
52,1243356.0234647868
55,1242311.9721028379
56,1244432.4900237098
58,1243873.6683511022
61,1240649.0758074843
62,1240257.692717082
64,1241973.9372998206
67,1240125.5643111921
68,1243562.006891136
70,1243684.6720735573
73,1241393.07695343
74,1239965.6111421285
76,1244855.9619109249
79,1242758.8737472382
80,1239813.2464636695
82,1243800.4043628697
85,1243342.3799496442
86,1240830.306941846
88,1242579.3128958459
91,1244193.6011131334
92,1239277.2740111994
94,1242141.2660319903
97,1241346.7256555113
98,1243094.45806612
100,1239976.4894019065
103,1240651.913225739
104,1242721.5379566639
106,1242762.4073452025
109,1243176.7667979046
110,1243399.8479887573
112,1240846.6262606918
115,1242419.4669070456
116,1241600.3042014148
118,1243422.3389010704
121,1240640.2625229866
122,1245164.423646865
124,1242080.7798669706
127,1240349.0603720949
128,1241693.7699983618
130,1238061.9252581804
133,1242645.5912625312
134,1239508.1431733447
136,1244815.4526012016
139,1240263.889100878
140,1240664.4324850629
142,1243331.569315955
145,1239794.5980270042
146,1246492.4093561317
148,1240096.0081801135
151,1242275.1572919006
152,1243669.8033286673
154,1242813.7212593048
157,1244314.1064792287
158,1243153.699678082
160,1242755.583964582
163,1240693.3089818603
164,1237744.7394013659
166,1243819.5299310058
169,1244014.9233437106
170,1242138.3731718662
172,1241533.442238358
175,1239402.4771631293
176,1238809.4296804888
178,1246139.2387744884
181,1244063.7252036994
182,1240926.923938209
184,1241269.0823348449
187,1241482.9137744445
188,1244147.25316425
190,1242767.432587684
193,1241737.582839456
194,1245933.623122278
196,1240585.1890469866
199,1239911.3192365211
200,1242633.1895596986
202,1242534.7725942386
205,1240843.3287887482
206,1243673.9082054254
208,1244514.4275620275
211,1239139.7244922833
212,1239781.6414758973
214,1235828.9255625412
217,1239929.9655753227
218,1240277.2730312916
220,1240951.415877796
223,1236535.3580753356
224,1244894.456399694
226,1243214.7444689304
229,1241044.0762505627
230,1243119.9939897587
232,1241454.9267032074
235,1243096.0860652477
236,1240442.36351147
238,1239995.1004488915
241,1243276.897837346
242,1243990.5448157454
244,1238100.0545462067
247,1246346.1603883477
248,1243013.1314332245
250,1241646.1525503949
253,1241522.0727512592
254,1240777.8932110209
256,1240178.150121865
259,1239319.518983287
260,1242375.080331626
262,1243013.0970884727
265,1242535.6616482362
266,1241995.3553133255
268,1242273.2858416662
271,1244135.8884547055
272,1240770.7750451472
274,1238025.8084755605
277,1240313.3155371204
278,1241201.4164174781
280,1241137.271872718
283,1241082.4609117722
284,1244361.7334557518
286,1245572.521445469
289,1241686.770085022
290,1242971.273126461
292,1243240.975154175
295,1246771.5263073875
296,1245146.429867804
298,1244613.552777262
301,1242396.5838728556
302,1241400.9688286462
304,1243689.7258578853
307,1239535.373692768
308,1243522.5663891374
310,1240696.0874574927
313,1239000.2379080274
314,1244833.5288644247
316,1239985.9799046335
319,1240963.6553710122
320,1243542.8655522342
322,1241049.2400006435
325,1242500.6485121297
326,1242789.9874365493
328,1244513.3470951107
331,1241634.7657577924
332,1242743.4106354017
334,1240378.7458114568
337,1243903.441496829
338,1242228.390525077
340,1238673.9811434792
343,1242756.4905503667
344,1243393.5590208601
346,1245632.266916326
349,1237277.66792144
350,1241314.4315559785
352,1241978.3112881954
355,1243149.571459801
356,1243318.0309085962
358,1241688.3587509284
361,1239506.6562390712
362,1241303.176195065
364,1244698.6514201565
367,1240603.240060939
368,1239442.5791594058
370,1241135.4158072877
373,1242903.7324222082
374,1240691.3509832632
376,1237434.5394887105
379,1241907.6697005562
380,1241959.2576931943
382,1238716.8972619104
385,1241552.1005229636
386,1239906.2071779757
388,1244652.9287830088
391,1239330.8516173265
392,1242949.1570214266
394,1242968.97723051
397,1242796.42035645
398,1243786.7329515433
400,1246004.1051675614
403,1240549.39399013
404,1239817.2516543784
406,1245710.3050432708
409,1239598.2523173958
410,1239673.240590921
412,1241701.694372267
415,1240570.6035338542
416,1241260.1221665686
418,1244967.106963279
421,1239077.2626387428
422,1239082.0468265654
424,1244748.669211719
427,1244099.5611691184
428,1242333.6505573718
430,1240893.1917724719
433,1240819.7195083497
434,1242225.2035989545
436,1239550.1363772238
439,1242134.3780473843
440,1239588.463909241
442,1239308.221753153
445,1243476.139971616
446,1243136.5304945447
448,1242201.928614327
451,1242622.034642662
452,1241455.047566826
454,1238207.6412673136
457,1243633.0094400202
458,1244516.4401396886
460,1244713.3740814663
463,1240700.9550895763
464,1243340.0665068259
466,1242948.2935557936
469,1241090.3888432453
470,1242963.4652954852
472,1240257.0387593205
475,1241226.310353538
476,1240538.7981996497
478,1241629.9097824292
481,1244785.3546930577
482,1244657.4392022407
484,1242778.5512119855
487,1243667.5192128776
488,1239793.4159131274
490,1240755.4267960824
493,1245853.5934376782
494,1242656.262240121
496,1238605.1245986437
499,1240467.804862652
500,1245292.7001352566
502,1243469.0492353325
505,1240970.9134200052
506,1239684.1655985822
508,1245483.5807410593
511,1242889.0745081648
512,1242133.7103458405
514,1243796.1788728258
517,1245002.1437659473
518,1240521.124491356
520,1242064.0258309413
523,1243225.547522152
524,1241706.2532887352
526,1241450.3307474866
529,1246752.2975857635
530,1236594.6003264864
532,1243828.2152628284
535,1243128.2553073992
536,1241017.255367654
538,1241538.093572695
541,1241487.1081037365
542,1239033.1393086466
544,1239128.6474976097
547,1241832.5795271972
548,1244769.6163511148
550,1239794.8059599514
553,1242433.530802317
554,1242100.9699056793
556,1238270.7299802518
559,1238899.2761381813
560,1241330.579929724
562,1241310.831558778
565,1241387.7256077095
566,1241777.367372917
568,1244695.8883019618
571,1243135.1804899957
572,1242024.173273466
574,1242356.8281611165
577,1240869.3370642979
578,1244758.4517758493
580,1243904.2262929194
583,1239902.87933806
584,1241560.2319826523
586,1243879.7318295406
589,1243160.303042073
590,1244822.2614751419
592,1241598.3921268706
595,1242642.8162289283
596,1240162.5407764267
598,1239927.7114273135
601,1242700.6648814615
602,1246588.7370459647
604,1245900.4765604956
607,1240089.512424262
608,1240461.7361756756
610,1242875.3113240155
613,1241919.9318722761
614,1243430.9900676906
616,1243363.8246978698
619,1241604.5434131005
620,1244853.766386719
622,1243435.8333006548
625,1241584.0113240185
626,1240828.8734313014
628,1245229.5030244556
631,1241001.8435358577
632,1245340.5305782326
634,1239982.676317121
637,1242971.6798876715
638,1242889.352365544
640,1243411.438205652
643,1241440.2924251726
644,1241376.834017575
646,1242023.4939477877
649,1239679.2519363884
650,1247061.8608559002
652,1240367.0512230895
655,1239801.6882950221
656,1241383.9046721184
658,1238470.4067389048
661,1244192.8879771845
662,1240064.789481197
664,1239592.4121136104
667,1245686.1624136206
668,1240991.2412039393
670,1241766.8208489993
673,1243412.1377236608
674,1243248.089106451
676,1237731.0614228873
679,1241494.5800671019
680,1240576.604954698
682,1241689.5163517143
685,1241953.893851559
686,1241080.6834497955
688,1241625.2467282824
691,1240778.6290786352
692,1242022.3079114389
694,1237333.6520674762
697,1244791.9498040173
698,1243459.009125505
700,1239694.0732191873
703,1241609.8697875675
704,1240490.3632948948
706,1245914.4237815677
709,1242908.2876188508
710,1237091.6384276832
712,1240736.1135183265
715,1241626.7193463875
716,1243319.9658856576
718,1239961.9054361582
721,1240310.5021297785
722,1242710.471026671
724,1238496.4390783138
727,1242406.665349962
728,1244117.7480326882
730,1242249.0066361104
733,1245156.3910534973
734,1240796.9976682963
736,1243333.0028596392
739,1241215.4734498656
740,1242043.8943402788
742,1242354.5906899895
745,1242520.9438293402
746,1242714.7289066731
748,1245367.9033536222
751,1240909.261680107
752,1244573.8193726642
754,1240762.800809204
757,1240739.1065739612
758,1242342.7874353363
760,1240851.0926421836
763,1240187.6946261968
764,1241412.6897617758
766,1245620.528688035
769,1239394.5237006552
770,1237433.8233054536
772,1245416.4700161775
775,1242526.4407905573
776,1240671.8652431732
778,1239718.300958057
781,1241840.2675873172
782,1242785.9062610662
784,1244344.455604593
787,1242006.9625096328
788,1238910.993246461
790,1243572.8466669673
793,1240461.9713758714
794,1241111.1580841686
796,1243624.2366637497
799,1244299.8387248649
800,1244404.150298714
802,1242446.540619454
805,1244348.4817943643
806,1241511.6236242033
808,1242652.7013374357
811,1240795.1190701046
812,1245307.7405838391
814,1244094.013668099
817,1242035.1337594392
818,1240928.1060297673
820,1244122.6992773297
823,1244714.5150174228
824,1242692.198081626
826,1242750.1661574782
829,1241934.7200999972
830,1240265.6950204116
832,1242227.642360815
835,1244268.566019947
836,1241880.6957202193
838,1238164.3249930157
841,1244237.3616779237
842,1244086.9378223433
844,1240457.3383076983
847,1244825.5726744405
848,1242377.51731812
850,1241909.2460675612
853,1244182.3516104154
854,1241715.21532465
856,1242606.0176805968
859,1240022.3175498429
860,1242273.1045062016
862,1245855.4789846838
865,1243876.0193165354
866,1242604.2240138454
868,1244578.6414524924
871,1241254.4847479989
872,1239696.9601025826
874,1243024.5054864194
877,1243913.795630537
878,1242408.484598522
880,1239969.6465803126
883,1241128.870051827
884,1240986.975767477
886,1245187.3600007277
889,1238696.6151610764
890,1239888.826177969
892,1241420.7907567169
895,1243049.1606705582
896,1243640.4237702861
898,1239328.948811132
901,1244556.6702833485
902,1242794.9820498615
904,1239329.5800886562
907,1238653.265963832
908,1239986.3019891244
910,1243839.251981178
913,1242403.1047618792
914,1241672.3060531456
916,1244950.3010148886
919,1241601.295340655
920,1244420.9350245441
922,1241928.4469687203
925,1241395.689942077
926,1244496.9858702014
928,1242635.350634143
931,1240862.1318612923
932,1240734.6343884198
934,1244416.0167453599
937,1239475.3939227217
938,1240095.9914535095
940,1241331.3910913696
943,1243387.099650239
944,1241982.7941272508
946,1242256.846232482
949,1240166.6012290285
950,1242589.55184373
952,1239225.888687586
955,1242692.5975225894
956,1240099.6767332978
958,1244417.8032437584
961,1237260.5635133265
962,1241480.3644712754
964,1239202.8523847242
967,1244910.1566209798
968,1239543.7664729152
970,1238853.0006806233
973,1242511.367107436
974,1242573.6590745365
976,1243232.9749760395
979,1243803.5038062755
980,1241047.7734017752
982,1238631.8117483738
985,1237671.0620153274
986,1239324.122756916
988,1242768.5172533386
991,1244039.9929903066
992,1239155.0961152473
994,1242374.1167108621
997,1240267.0286872077
998,1242087.8538275762
1000,1244035.9778928116
