,27318388.919525474
1,1156329.9937484595
2,1144601.8380442902
4,1145838.6736767327
7,1134645.9018643398
8,1150394.2375587716
10,1149174.6864418322
13,1162269.7177530744
14,1208128.5516589046
16,1207532.447076187
19,1199152.8819697422
20,1204302.303417211
22,1188485.6796520986
25,1219592.6485801225
26,1182024.8679623555
28,1176784.5994928533
31,1133852.9969715024
32,1139540.4540482445
34,1115848.9570943892
37,1128592.4676713324
38,1127835.3816633108
40,1135779.1798239406
43,1110696.9067657841
44,1162341.0039383867
46,1217485.3671732636
49,1216592.0958795985
50,1199377.3945261044
52,1188765.0682718311
55,1185488.6287032834
56,1182741.585507022
58,1174546.4693322862
61,1182600.925141841
62,1133916.784709097
64,1152139.645532444
67,1135156.993822341
68,1130316.9019047378
70,1160020.7048447889
73,1090617.1573193672
74,1124427.0361386316
76,1128107.2995158252
79,1241933.1602261092
80,1243780.482971515
82,1255168.8802709233
85,1255416.135863131
86,1266758.8677900115
88,1250313.9885382063
91,1249334.3025668643
92,1243822.3954733415
94,1086283.6699973133
97,1090631.087403787
98,1077862.2535721117
100,1083596.039632056
103,1078739.3583053194
104,1091652.8525237103
106,1089022.6234092098
109,1058090.8015342061
110,1149391.9992655802
112,1178938.7237590048
115,1134160.0669761915
116,1145887.2816063184
118,1164154.4102439308
121,1131771.8600684267
122,1139555.2913232034
124,1123985.11290431
127,1184995.4323861243
128,1183731.1425165238
130,1174438.9835352288
133,1196524.531661981
134,1167341.064539337
136,1185977.75839808
139,1198397.5040885832
140,1175511.8905906198
142,1041682.5730190622
145,987030.605001898
146,1034629.3539672336
148,1014127.9096798806
151,1007455.8488376769
152,1034527.7345419084
154,1034015.2532887562
157,1011874.1986838179
158,1074221.057339908
160,1088465.4056568209
163,1037194.9478813095
164,1037404.3301422689
166,1071965.071245056
169,1047423.0677654223
170,1054630.5133170234
172,1049117.9758707767
175,1163542.7754903352
176,1173103.7313042267
178,1136668.3560606237
181,1155273.823746597
182,1162578.946923694
184,1176180.5944975542
187,1168644.5509103083
188,1181307.5725122062
190,1074635.2056408303
193,1080328.8458423358
194,1115071.8593361198
196,1087200.6271160934
199,1090065.9552089593
200,1108076.9326839114
202,1075003.790359987
205,1106367.263745884
206,1119759.5766850624
208,1114526.3965064785
211,1135657.8600898553
212,1154225.4716346804
214,1131565.992747423
217,1122423.0241560917
218,1141535.7678372255
220,1138022.429220801
223,1073132.9811529834
224,1080160.5435826054
226,1090721.5938794806
229,1087006.1070397908
230,1129649.4610237563
232,1116737.6723290544
235,1117313.2506658416
236,1053787.1255326096
238,1109683.9931269523
241,1099840.0885404989
242,1091949.534680046
244,1127487.6777621137
247,1146502.8735942577
248,1181095.4045319913
250,1105486.5370194274
253,1107272.8970319494
254,1094894.7630145336
256,1119148.6037076465
259,1102073.0257428433
260,1110171.7274949683
262,1123905.2839861303
265,1101890.7665021028
266,1114673.2480619897
268,1102401.4108417653
271,1169832.959637878
272,1133936.462109039
274,1114278.9332881644
277,1148031.4661774626
278,1153174.1948639285
280,1100406.6649346831
283,1163846.2188726235
284,1109951.254632132
286,1116558.8580414236
289,1106479.781158665
290,1116357.7880721851
292,1130976.9063480392
295,1127077.9370922574
296,1138362.9319590814
298,1126082.675132985
301,1107286.022967828
302,1171729.2823048837
304,1122707.0030688688
307,1165158.8471971967
308,1137224.1585466983
310,1136211.8801809412
313,1133955.6417592235
314,1130620.1688440165
316,1135925.8274620222
319,1083683.5767496254
320,1095658.2854162417
322,1104087.3996020334
325,1070388.6579871476
326,1107510.6309685549
328,1108392.481100493
331,1100888.5034755564
332,1118918.1582756124
334,1085095.4895743476
337,1080448.1371095246
338,1061402.428948199
340,1043560.9331538142
343,1072730.763663549
344,1062761.7888831066
346,1074566.5391430086
349,1059494.304004665
350,1160657.8375091772
352,1137572.7434924555
355,1158055.4996060785
356,1160709.7736716175
358,1139496.5781264612
361,1143502.6045606155
362,1160085.1719630114
364,1151360.9178653979
367,1169183.3624010403
368,1158502.561343354
370,1184046.6373342953
373,1171554.5675893307
374,1178366.4189777714
376,1159168.7016357176
379,1156620.630753323
380,1151595.5637717145
382,1102395.7307888314
385,1117581.2818793696
386,1132409.2389150462
388,1110210.4665122142
391,1081843.841349027
392,1127436.703060989
394,1102699.598744314
397,1116490.72438647
398,1080899.7564800677
400,1098733.2254537917
403,1079316.7400888999
404,1073465.3350802655
406,1104824.73850703
409,1091985.0820111076
410,1071628.9905444065
412,1048231.9035319887
415,1129523.430783604
416,1155840.1011139345
418,1161181.3868482225
421,1097608.768968821
422,1129103.2941660054
424,1174092.8598656121
427,1122639.3583395882
428,1134379.4234976743
430,1109199.6215551356
433,1153191.417681405
434,1138854.3040382287
436,1120307.2093286035
439,1111463.0963295347
440,1106830.106598471
442,1133594.132845365
445,1149645.4363394063
446,1063628.0393607742
448,1077221.2697032245
451,1078145.982090218
452,1102647.0233276384
454,1080437.2115967507
457,1115108.46065499
458,1073606.8209861522
460,1092135.9051140302
463,1159704.4778548423
464,1142800.8051375244
466,1138457.087996951
469,1132299.4649509427
470,1145595.8731222786
472,1144444.7542253581
475,1137737.9583661512
476,1118429.8358393617
478,1166550.0605414798
481,1181899.7969707926
482,1179503.8906137098
484,1189765.2006776233
487,1157351.142209276
488,1177413.4984651385
490,1166393.5669411542
493,1178713.9710002737
494,1153026.247154
496,1152390.1801137668
499,1149148.7895538418
500,1166976.4593396408
502,1153608.6726925774
505,1146794.4411858753
506,1133367.2707450928
508,1149871.3622458891
511,1093570.155242574
512,1107966.4308244372
514,1098822.1072245028
517,1110532.0299247121
518,1082847.3122057493
520,1110617.3497210525
523,1088384.7623976935
524,1107867.388654589
526,1227411.17814814
529,1273197.457727828
530,1268717.188294892
532,1270819.862074208
535,1237917.0671820904
536,1248104.697161077
538,1267517.4558585081
541,1241623.492391042
542,1088346.7664970902
544,1091033.406663207
547,1108348.1562070535
548,1102978.7435192463
550,1081202.6634517852
553,1100754.034755734
554,1094060.4662613408
556,1093727.9417122349
559,1113826.8461672622
560,1100352.249095576
562,1202957.8267312255
565,1121835.9849868244
566,1077712.3966956504
568,1111684.0750293473
571,1137608.050366207
572,1134968.7181882155
574,1178931.3855633999
577,1136060.1415709632
578,1129025.6528229357
580,1131642.7427460793
583,1109216.9893602023
584,1113201.7355886896
586,1136322.4349609544
589,1155222.7245156618
590,1149051.1877676
592,1156760.3667549163
595,1152105.5477349418
596,1149159.6404360589
598,1175857.7451298519
601,1144026.5707354154
602,1135234.2985610114
604,1161837.20565903
607,1154820.162747016
608,1141015.156829339
610,1164285.7630022967
613,1180356.6630134415
614,1166873.1983684609
616,1183116.8444462928
619,1144718.7711080697
620,1174935.7319062755
622,1170517.1991350194
625,1163152.5105560375
626,1156028.744065355
628,1141816.2736410513
631,1162916.005961742
632,1175949.054949242
634,1165150.2326970904
637,1173159.2329819934
638,1102919.7728784182
640,1103863.7070902227
643,1121215.8225836328
644,1088961.214243632
646,1148661.3293508263
649,1102027.6177451988
650,1126461.2274992217
652,1092226.2347268364
655,1099795.4572481918
656,1095103.8287399313
658,1114622.5500374548
661,1112595.04178729
662,1112654.74002407
664,1099258.383887959
667,1104145.805297251
668,1105547.5216421527
670,1122823.6111389375
673,1139539.330458681
674,1164312.0619281183
676,1095130.719087291
679,1141734.5644882333
680,1148260.5929509108
682,1159342.7188036195
685,1164965.6478040698
686,1156928.9318683073
688,1116002.3598453356
691,1126439.9055713438
692,1124921.6027853994
694,1141067.334888018
697,1104991.1018982257
698,1103049.8595812488
700,1097063.7286708863
703,1045936.3856980997
704,1049178.6100830778
706,1050664.5097775157
709,1038741.1966236575
710,1036654.2694131088
712,1057435.8505793847
715,1053769.2506704682
716,1053296.5136826509
718,1152482.4632019855
721,1160860.757580462
722,1179909.089423443
724,1156414.7249159345
727,1176293.6675623672
728,1171045.9467916153
730,1163994.5089341118
733,1163658.9269845465
734,1166077.9587474135
736,1164816.7786026618
739,1179109.6821397352
740,1171013.4955538588
742,1178899.810148972
745,1184517.1301741893
746,1143959.8752411036
748,1167856.7609670935
751,1206834.8068743243
752,1218911.4337610696
754,1196324.5989923342
757,1202764.6629701874
758,1176707.1029739408
760,1226279.6354443296
763,1201456.0757615883
764,1186102.0871572243
766,1178291.8885676821
769,1181694.4659742215
770,1164084.8887187492
772,1178185.345239612
775,1146255.118754451
776,1145788.4656758832
778,1148821.67863363
781,1172482.2299115676
782,1100150.986710934
784,1116417.88399347
787,1092685.113813179
788,1128777.3580228316
790,1128127.3581626397
793,1117584.823546064
794,1112517.9600321103
796,1087239.7541722793
799,1063681.4503546972
800,1109364.7131854391
802,1101789.8944883167
805,1098021.6619991595
806,1065549.3961157065
808,1090446.4456977271
811,1087521.58521477
812,1085521.1998096427
814,1160252.898312253
817,1131604.8479673297
818,1169891.3445207719
820,1157783.945461779
823,1143609.3869152302
824,1127891.0445321943
826,1172717.8369210048
829,1136721.807322835
830,1146599.1143736467
832,1136502.4675893802
835,1144748.3110144255
836,1132861.1229701473
838,1124744.115671072
841,1138528.1959707488
842,1121402.4703205032
844,1088474.1636056302
847,1182290.824652324
848,1228901.0584318507
850,1171953.017694958
853,1178652.4316418474
854,1201360.146430143
856,1232320.0389498717
859,1204834.48568791
860,1188075.487630697
862,1182641.769661241
865,1180713.437988858
866,1177244.245325044
868,1162048.7544679863
871,1143802.8840333612
872,1160740.7313647289
874,1144201.6602795476
877,1156104.977299475
878,1147295.9188507977
880,1156708.788307655
883,1130248.3821237774
884,1170492.668217631
886,1138013.3382941228
889,1133998.3256892664
890,1143968.5801417723
892,1149066.3218156646
895,1179288.7096605022
896,1158994.3344112097
898,1150083.8468419034
901,1178299.0890465744
902,1186340.0533392022
904,1187509.343655255
907,1158459.1896784292
908,1177810.1177496496
910,1117862.5326923132
913,1131614.50059866
914,1135619.5716973252
916,1120858.5985868985
919,1149233.1844701332
920,1112629.8751990257
922,1140924.0184690866
925,1135866.4674805778
926,1147405.2787013527
928,1107989.9881106592
931,1136335.2138561187
932,1110302.2058570911
934,1119071.9006128153
937,1137008.7644709544
938,1132201.0667217846
940,1125619.6163317873
943,1147320.1988052912
944,1121288.7300341371
946,1129980.4277026453
949,1106337.3525107808
950,1150228.9396273019
952,1123406.2207984368
955,1133516.856451301
956,1111027.9742767303
958,1116807.7333197226
961,1107104.153655855
962,1083192.3717878032
964,1111705.6388549833
967,1115657.7834550482
968,1083467.0503314375
970,1090677.1919266514
973,1110484.538627195
974,1131818.146094816
976,1122421.8969473639
979,1118526.7117117846
980,1108424.3558143594
982,1099755.2638122828
985,1126686.2509358376
986,1110989.4819381316
988,1121986.4327693563
991,1152622.3181748441
992,1118031.1930279806
994,1105310.3354289911
997,1116105.1438785398
998,1130290.5536909057
1000,1125748.1462685305
