,26134890.562144212
1,1105449.3683289487
2,1109105.182045878
4,1107944.297927075
7,1106466.3964354366
8,1106493.6256542634
10,1109065.4842925924
13,1107640.3919059467
14,1112639.119996427
16,1107868.8758061072
19,1104485.908255245
20,1106902.6139627185
22,1109029.6762597275
25,1103395.9212142576
26,1108040.802228934
28,1106393.1978311585
31,1109217.2337571776
32,1110566.185542688
34,1105455.7833669076
37,1110135.5664422428
38,1108008.6624216093
40,1108154.435704138
43,1107308.0042944006
44,1108732.355571329
46,1108474.1961411985
49,1108628.5081103924
50,1109823.4396493908
52,1108955.440347748
55,1107247.4766710177
56,1110306.8655644234
58,1109442.9889524973
61,1105577.5361954686
62,1105570.931929314
64,1108222.527057063
67,1106111.1345758107
68,1109403.243537991
70,1109566.6675754925
73,1107359.6438654226
74,1105297.8130338853
76,1109833.6253791782
79,1109302.6844864872
80,1106138.0912036633
82,1109050.5681018622
85,1109215.7544445551
86,1106820.293194951
88,1107927.8498208383
91,1108955.2272854443
92,1105039.5009938893
94,1106876.3977817749
97,1107023.394602731
98,1108716.9799251803
100,1105649.358207832
103,1105914.9518340926
104,1108375.418761971
106,1108431.810972649
109,1109800.0589600864
110,1108221.655350254
112,1106753.3219409287
115,1108240.885942162
116,1107246.5913101123
118,1109301.4675827401
121,1106173.8502883262
122,1110414.7974150388
124,1107636.854926632
127,1105592.751665194
128,1107097.2521279682
130,1104537.7389201757
133,1108224.4133039198
134,1105930.903990156
136,1110278.1489154939
139,1106378.6792981857
140,1106919.407770709
142,1109610.8903025375
145,1106181.083980911
146,1110602.9976971839
148,1106020.1361627355
151,1108362.7837928596
152,1109929.9423017246
154,1109558.2347813633
157,1109478.9295151485
158,1108595.9967983782
160,1108809.6870397038
163,1105716.5961228025
164,1103902.5936821762
166,1109571.2696401696
169,1109294.6788907654
170,1107772.6571689413
172,1106635.3825792673
175,1105682.6263666516
176,1104801.6658441455
178,1110403.168755475
181,1108747.732596589
182,1106708.4409593279
184,1107248.1210562806
187,1107619.6920568799
188,1109505.1160561026
190,1109227.6268624354
193,1107857.115584825
194,1111141.4166383927
196,1106268.3772443135
199,1105743.629787044
200,1108430.6400601414
202,1107507.5827987578
205,1107138.2930238568
206,1108576.247204528
208,1110659.5096017683
211,1105690.9140305372
212,1106370.2646065229
214,1101355.9966430997
217,1105702.7533688184
218,1106863.6067310467
220,1106421.4099727918
223,1102875.1756462783
224,1111395.5046273482
226,1109491.4982535264
229,1106337.5303119584
230,1109491.8142593636
232,1106561.9911352429
235,1108711.0584033502
236,1106021.3950521243
238,1106313.169215723
241,1108679.337585086
242,1109806.245502848
244,1103841.0646907852
247,1111058.1048539816
248,1108835.346790678
250,1107712.2419857483
253,1108382.8631598724
254,1105990.7442221867
256,1106120.9440201952
259,1105502.6369821113
260,1108150.0655720648
262,1108116.9130581287
265,1107573.5553011065
266,1107936.3700188631
268,1108744.215520401
271,1109689.7820531698
272,1106671.5088718927
274,1103667.2385525547
277,1106370.6239384245
278,1107418.9119697118
280,1106515.153070811
283,1106559.2059675907
284,1110586.8450856751
286,1111796.1484361263
289,1107453.8539213755
290,1108307.8358753454
292,1109601.2100741072
295,1111041.715210597
296,1110968.1314073303
298,1109230.2069630185
301,1107110.6243518102
302,1107376.078753547
304,1109162.5209292276
307,1105651.3004990965
308,1109593.6713420225
310,1106943.95989127
313,1105289.257082344
314,1110288.6184864715
316,1105658.9874007737
319,1106627.1984309705
320,1108602.8481193576
322,1106624.6776354038
325,1108306.9722822278
326,1108452.1783349123
328,1110005.9942038166
331,1107466.9880741916
332,1108066.2490006532
334,1105613.5829091668
337,1109586.058712881
338,1107857.598748655
340,1104736.803217714
343,1108151.849661542
344,1109651.1855819195
346,1109997.5007116282
349,1103162.6599620567
350,1106751.406129757
352,1107426.764433113
355,1108437.950797458
356,1109156.7653489476
358,1107562.6581107604
361,1104709.2731673338
362,1107484.1440931389
364,1110026.4469899079
367,1106583.1998770821
368,1104786.1230631412
370,1107021.3403476283
373,1107845.5147102075
374,1106567.4816462055
376,1103843.6957377198
379,1108070.7356992904
380,1108222.8392047207
382,1104783.1152687054
385,1107145.6449487421
386,1106276.0736656745
388,1110990.672456847
391,1105037.553549034
392,1108625.8924836302
394,1108367.6773910588
397,1107937.7123530826
398,1109301.073282902
400,1110986.3256152666
403,1106192.549610768
404,1105876.58821352
406,1110839.2437699486
409,1105482.965975961
410,1105402.6459735583
412,1106939.0499911692
415,1107375.2333866598
416,1107434.3998714539
418,1110376.1729463327
421,1105137.6274701538
422,1106103.5815631119
424,1110497.3892076807
427,1109691.655595196
428,1108070.4046679742
430,1106260.9819390827
433,1106297.037689016
434,1107634.494399495
436,1105053.002815381
439,1108723.3574251144
440,1105586.8417959705
442,1105261.7963447988
445,1108025.8161537622
446,1108491.3295100802
448,1107230.2118526958
451,1109075.1314024937
452,1107615.436234155
454,1103471.684883259
457,1108445.0718494325
458,1109263.5018685793
460,1109383.41749661
463,1106845.1419299997
464,1108475.964382746
466,1108245.5499393337
469,1106545.2797391047
470,1108262.9299134146
472,1105528.591275937
475,1106435.0237757452
476,1106013.5748829653
478,1107773.5210715441
481,1109426.6603489036
482,1110501.7574032538
484,1108440.1426653075
487,1109140.583266133
488,1106434.2054305312
490,1106433.8819111106
493,1111734.980183011
494,1108015.629969475
496,1104826.703360179
499,1106682.513671002
500,1110296.7833118516
502,1108584.9612858219
505,1107538.5715037081
506,1105659.6887869115
508,1111340.942938683
511,1108036.462079196
512,1108140.679281286
514,1110059.250674909
517,1110905.6139053183
518,1105561.6049962384
520,1107869.930644787
523,1109121.8923220253
524,1107220.6806875682
526,1106569.9327491538
529,1112039.8963199381
530,1102439.9370348675
532,1108384.2966409524
535,1108831.7630862934
536,1106572.727166742
538,1108422.523283954
541,1106912.1601939045
542,1104050.7691191414
544,1104741.1081056288
547,1108670.420716118
548,1109948.6703964293
550,1105265.1781763688
553,1108122.2442746689
554,1107175.2724590476
556,1103829.7599013539
559,1104996.8625966161
560,1106622.3757961965
562,1106130.8394519533
565,1108261.0791080086
566,1107629.0639018526
568,1110936.5136335555
571,1108759.0758261883
572,1108456.7344078645
574,1108345.5673946296
577,1106927.5877984702
578,1109603.9284091897
580,1108717.9195251786
583,1105199.2609501695
584,1107367.0497670567
586,1109130.7827792172
589,1109460.8672820982
590,1110773.3936067875
592,1106731.8668572828
595,1108555.9973091248
596,1106988.6427092506
598,1105847.1033642676
601,1108280.6089203497
602,1111331.0464993394
604,1112094.2944577592
607,1106095.6474283924
608,1106160.0345822785
610,1108036.2992733445
613,1106971.0387834585
614,1108397.7550041028
616,1109009.5124493479
619,1106633.3946017313
620,1110824.9968144607
622,1108655.6647263272
625,1106354.8049117816
626,1107207.6670811374
628,1110733.745535326
631,1106333.1403553367
632,1110947.5327337575
634,1105328.8446159775
637,1108132.1129850931
638,1108096.1166579253
640,1109295.9866642118
643,1106625.125928357
644,1107589.7190407077
646,1108321.1289816916
649,1105603.857028816
650,1112077.8223840392
652,1106282.6401146094
655,1105604.0108347386
656,1106174.2805453937
658,1104356.0929380255
661,1108593.781265037
662,1107059.4292698489
664,1105122.908975529
667,1110674.6305304465
668,1105889.7460574233
670,1107335.3101054276
673,1108975.7068275367
674,1108472.84471639
676,1103902.1881230322
679,1106243.5606903404
680,1105814.715934254
682,1107979.3268527468
685,1108445.1526242178
686,1107105.7264011467
688,1107221.3802476528
691,1107672.560697943
692,1107291.6850209208
694,1102775.2055314195
697,1110603.2617949361
698,1110132.6672828489
700,1105824.2385834754
703,1107740.9206289905
704,1106425.2384240117
706,1111401.7566730122
709,1108540.5980295532
710,1103916.2346196019
712,1106055.819441986
715,1107141.8054590179
716,1109660.9533432033
718,1106015.1269664606
721,1105977.8174054082
722,1108292.4694897719
724,1103959.2918568812
727,1108593.4488961229
728,1109276.9296465584
730,1108683.3874174685
733,1110064.2438537688
734,1106547.2224794084
736,1108807.4734047065
739,1108110.7999619786
740,1107410.719015362
742,1107321.2581992473
745,1107514.6305730091
746,1108057.5661018768
748,1110397.668005639
751,1106282.400662116
752,1110109.0450269978
754,1105767.1118265567
757,1105790.5955206936
758,1108171.4402580687
760,1106440.0250627801
763,1106714.5821301185
764,1107497.663468054
766,1111007.0306777088
769,1105755.9779963484
770,1103714.7763842603
772,1110462.588690072
775,1108243.8105973497
776,1106737.429067268
778,1106229.5243863636
781,1107370.3244948117
782,1108100.465670001
784,1109823.9880382349
787,1107754.447596354
788,1105350.9700392894
790,1109361.9213019009
793,1107014.955013721
794,1107333.389398239
796,1108756.9017767508
799,1108871.3898705905
800,1109532.2754406792
802,1107772.1301640535
805,1109876.931696846
806,1107311.3877558224
808,1108134.249380671
811,1107148.060909982
812,1110984.0260248089
814,1109465.0052459233
817,1107437.6900072915
818,1106712.2578133827
820,1109426.3422186992
823,1110868.2507300319
824,1108061.7763491662
826,1108555.5829431515
829,1107643.9083885313
830,1105353.408977157
832,1107155.2573360973
835,1109176.761546049
836,1107797.4981658382
838,1104645.819817057
841,1109634.6186081748
842,1108424.6500184601
844,1105976.4710324835
847,1111173.8622060989
848,1108046.0110194306
850,1108360.3999606536
853,1110026.585538691
854,1108212.0587452922
856,1107630.236497833
859,1106344.9459457225
860,1107933.815867067
862,1111078.9121764516
865,1109625.6072270013
866,1107997.7209880252
868,1110907.054200882
871,1106524.019313121
872,1106762.0750396596
874,1108334.1996623166
877,1109859.6262184442
878,1107951.423530073
880,1105812.7714605934
883,1105853.348149731
884,1107206.0789538715
886,1111248.316168923
889,1103991.8323405897
890,1104830.5546085623
892,1107937.985789722
895,1108725.241215183
896,1109382.3986440303
898,1105776.1713409107
901,1110413.5314158066
902,1108435.9106758235
904,1105053.2532527165
907,1104860.6453271522
908,1105215.034427537
910,1109946.4321954236
913,1108012.4046294685
914,1107185.7430233208
916,1109749.4645809475
919,1107808.8054648438
920,1110187.6686913862
922,1107285.426021251
925,1107378.0520608774
926,1110263.514916867
928,1108660.4745966129
931,1107034.6846370683
932,1106845.7196926812
934,1108899.2527552273
937,1106377.6116417088
938,1106991.0914006655
940,1107527.1023885426
943,1109095.8110404906
944,1108002.9344170408
946,1108727.142701395
949,1107194.758357374
950,1107524.4828881598
952,1105679.0470157235
955,1107718.3225952385
956,1106146.8030539444
958,1109943.965219391
961,1103309.0915692144
962,1106300.0853899987
964,1104590.4604023981
967,1110726.2488920505
968,1105325.543637145
970,1104587.3477568238
973,1107540.0856327205
974,1107583.1255864098
976,1109123.44713797
979,1108571.1693308516
980,1107006.0936900205
982,1104128.557293642
985,1104416.9877248774
986,1105197.2845464484
988,1109185.3004402467
991,1108529.7914937555
992,1105375.3012156019
994,1108859.7280952306
997,1105850.726133066
998,1108187.4291910664
1000,1108921.4297945378
