,988199023.9021637
1,41457447.30957036
2,42097189.036931686
4,41581274.495696254
7,41862702.17345628
8,41707089.56969346
10,41895345.23420857
13,41870658.01720013
14,42373690.256043896
16,41984302.942036234
19,41552700.50872121
20,41824834.553195834
22,42335740.204612345
25,41836862.19969242
26,42159362.497931965
28,41517929.88429249
31,41849240.756155126
32,42032507.68291042
34,41836195.47545799
37,41392454.75107054
38,41363756.28073235
40,42117039.41779753
43,41417405.71826659
44,41991553.74151411
46,42194636.19753251
49,41625566.292743705
50,42082297.252772644
52,42372542.65369292
55,41732180.452142574
56,41863256.03078257
58,42691885.621704794
61,42180411.3103857
62,41666575.54389282
64,42059870.04851507
67,41473326.39407595
68,42026830.71285601
70,41715837.50363058
73,41918605.27519373
74,42138802.08876105
76,41971906.335569866
79,42026829.110571384
80,41655482.01703702
82,41662629.883786716
85,41900523.33719898
86,41879646.609964386
88,41858022.184598096
91,41838676.9145578
92,41694555.17362523
94,42067329.5059201
97,41752776.4211078
98,42564205.257892355
100,41970550.424768016
103,42020187.82027866
104,41457498.13327875
106,41892431.979527436
109,42200191.11891453
110,41653585.06674221
112,41220879.46800988
115,41878175.86388303
116,41880664.39595934
118,41938134.56897685
121,41668105.914942175
122,41820741.12076562
124,42034025.56517382
127,41837053.260382906
128,41704704.09586391
130,41465418.92588796
133,41444039.97740459
134,41727228.00287854
136,41657049.74951753
139,41791343.02430379
140,41867404.374535896
142,41827745.86512375
145,42260768.55596289
146,41827111.20612437
148,41600821.85554004
151,42164839.02182613
152,42386723.834014826
154,42204520.58412528
157,41150820.65835677
158,42177743.78357652
160,41968624.448853455
163,41571254.397064455
164,41899995.702871904
166,41859504.95769721
169,41406652.16876281
170,41810675.034920946
172,42243191.926334925
175,41885122.16008286
176,41840962.19091852
178,42582128.84192538
181,41843165.43143176
182,41483181.992147736
184,41026887.34349495
187,41464778.014623284
188,41859700.84151318
190,41703586.8049616
193,42135444.42677983
194,41995277.94550737
196,41450164.30846168
199,41727928.706784904
200,41710742.698949724
202,41952544.872734845
205,41990177.91201768
206,42199108.555449024
208,42248497.196683146
211,41814203.90969827
212,42095821.765505314
214,41716341.453903385
217,41868761.138975434
218,41813779.16197388
220,42017920.986628294
223,41629346.63764477
224,41500100.45985192
226,41726244.86188192
229,42021200.6020927
230,42405307.64719324
232,41971961.088684715
235,41741552.80679281
236,41813585.84582108
238,41853872.09845175
241,41927837.28633822
242,42004959.55501889
244,41853723.339976385
247,42114889.94734201
248,42087039.47123746
250,41704785.78646143
253,41639073.26723788
254,41955548.64644593
256,42350830.196332864
259,42666892.56511928
260,42410590.656315684
262,42717481.0848111
265,42202840.451572075
266,42008148.5587857
268,42918896.89231185
271,42238479.68997269
272,42647616.36745753
274,42894427.65444052
277,42307484.01403474
278,41826240.07512815
280,41334220.03561411
283,41985924.40342573
284,42421748.00124391
286,41364446.99457913
289,42430657.647743165
290,41844411.657399744
292,42595071.17227976
295,42424262.860489555
296,42408937.82916844
298,42273613.890077785
301,42329696.10053455
302,42263472.83195957
304,42422660.01331061
307,41996249.98837154
308,41859946.96977962
310,41851737.97012936
313,42255800.243262164
314,43130679.639053695
316,42143660.678347014
319,42160531.22926449
320,41926308.12925812
322,42479828.37828864
325,42534883.05663326
326,42543884.930633016
328,42438449.14453417
331,42546835.68851099
332,42065643.7927014
334,42323890.31369104
337,42508902.57422135
338,42609984.66307816
340,41500200.34503974
343,41650239.02859007
344,41734138.66330049
346,42615896.51926043
349,42194392.6317562
350,42389725.52809266
352,42023891.66557664
355,42745867.746581815
356,42482342.92917707
358,42353382.58825654
361,42678873.42930594
362,42332403.78859384
364,42771510.89769021
367,41739575.61046136
368,42600070.88245497
370,42592782.89098769
373,42274469.87706271
374,42385455.53561524
376,42130057.86291179
379,42390904.910883255
380,42675854.053341255
382,41704838.38836838
385,42383287.02846648
386,41760040.30594142
388,42657767.755579464
391,41405043.47215069
392,41696411.91105733
394,41751084.60312934
397,42185071.39451503
398,42845146.64201623
400,41895140.70864748
403,42007939.73060155
404,42387710.556878224
406,42690325.57755079
409,42467437.43075347
410,42114387.11358363
412,42374582.46337007
415,41680398.89345392
416,42571890.15864523
418,42339744.66918405
421,42076476.86774419
422,41438611.151832364
424,41557113.95469794
427,42331813.77515738
428,41903245.26342813
430,42649798.82756785
433,42350180.48751785
434,41546951.86618768
436,42145420.09507435
439,42259546.57878222
440,41620560.73781076
442,42622041.94966545
445,41839890.149593584
446,42548879.28292167
448,42238006.34595018
451,42096578.0960009
452,41797413.22510063
454,42664648.377226725
457,41714555.13672753
458,42903065.9549079
460,42267114.501309626
463,41444714.67272054
464,41672809.105145864
466,42677251.749498844
469,42653241.98159129
470,42102065.37469106
472,42507615.68795225
475,41827948.04596714
476,42424016.80603806
478,41983291.78531739
481,42757746.27236022
482,41976709.88174141
484,42056551.34796303
487,41835849.57174665
488,42048813.43841398
490,42379597.0339759
493,42662056.52048851
494,41664137.20196946
496,41458926.81995307
499,42362201.24931906
500,42549529.76380615
502,42076807.292925335
505,42470059.13339991
506,41067531.634766616
508,41107955.361193806
511,41222890.73214643
512,41283252.59016177
514,41248007.23095754
517,41747929.49003111
518,41093769.23112749
520,41107570.17856435
523,41432703.048097245
524,41838154.460819356
526,41819502.3853411
529,41684764.74607759
530,41169679.81429676
532,41461739.016994804
535,41220296.281760134
536,41488438.09311826
538,41448874.219493695
541,41633180.50352491
542,41050429.03953695
544,41041742.39763026
547,41371222.338057935
548,41822664.2366651
550,41222525.12499342
553,41606775.80762347
554,41881144.74413447
556,41413417.20725902
559,40925915.01403677
560,41521705.72552649
562,41689807.51962029
565,41618022.08071077
566,41275771.97418617
568,41655871.44694433
571,41401450.29934709
572,41784954.6279743
574,41562186.57618508
577,41830751.16492534
578,41479494.26092268
580,42125904.900233775
583,41371799.79953918
584,41539054.185572065
586,41449190.44219728
589,41401470.40620499
590,41592791.94912083
592,41656817.85706993
595,41682604.23195573
596,41292188.061594315
598,41284473.24795962
601,41307117.11120821
602,41585528.7482583
604,41569178.1291672
607,41528273.08342843
608,41244675.2685659
610,41788785.440666996
613,41227634.97913687
614,41393306.352335386
616,41450987.95774866
619,41497975.918071665
620,41560766.270358734
622,41903704.76752364
625,41705733.969580516
626,41867002.160379186
628,41770424.85407582
631,40740434.077506445
632,41185812.53734166
634,41170216.42781457
637,41298662.44234296
638,41677550.72651953
640,40900870.4968499
643,41641971.12435121
644,41386396.258808434
646,41806430.93423373
649,40533493.41506679
650,41767506.43763034
652,42147510.277934395
655,41129693.88638654
656,41508012.67425394
658,40893271.60792069
661,41285502.578003906
662,41565673.16151186
664,41234994.898927234
667,41885107.7510584
668,41312313.393425636
670,41728389.269322515
673,41455669.692907706
674,41197373.87026281
676,41575504.09719582
679,40905538.07502286
680,41267317.84156921
682,40993097.70584929
685,41933125.25451219
686,41430608.30334192
688,41630249.373463005
691,41417171.50927289
692,41749385.42651073
694,41497690.921981834
697,41869072.71237135
698,41921872.970685035
700,41246556.59388329
703,41268646.48756532
704,40918644.80865376
706,41371578.226306304
709,41638681.577488996
710,41302777.93414483
712,41233017.13687628
715,41368868.99915429
716,41246646.72537143
718,41626145.13552004
721,41749760.09205682
722,41489476.68059481
724,41200972.07556471
727,41488565.13573331
728,41598743.36964998
730,41776331.30276514
733,41284503.36849687
734,41169303.9983935
736,41092900.66905634
739,41487104.90484921
740,41705351.58751147
742,41173944.96897667
745,41411103.55999406
746,41050377.62134057
748,41334057.676237464
751,41448204.121251024
752,41502133.1984331
754,42028430.01398081
757,41141666.570693694
758,41335795.503117196
760,40467965.81341108
763,40921238.55767389
764,40854965.39645692
766,40851434.115197435
769,40816561.58866538
770,40672762.59205979
772,41172676.1833709
775,40923576.71563986
776,40735520.042895555
778,40770846.2699041
781,40763333.55848064
782,40859058.53459987
784,41037076.22892727
787,40809403.27967661
788,40736020.06461164
790,40580074.48507636
793,40632882.976323806
794,40384861.647272535
796,40948696.37962194
799,41016739.13073751
800,41140459.62212532
802,41005129.407526925
805,41070117.68222682
806,40772476.66542807
808,41204495.019996986
811,40947143.44972611
812,40838574.93058257
814,40729094.130936205
817,40942176.26988043
818,40711012.1615792
820,40797682.94916765
823,40837712.97015313
824,40902088.415498756
826,40932833.92077749
829,41093811.397086844
830,40837699.40662493
832,40777894.34646816
835,41213960.49262138
836,40839405.30513273
838,40562402.56101057
841,40946592.46893662
842,40847905.06764978
844,40989932.68760107
847,41006480.21241798
848,40719252.2918383
850,41002660.31931218
853,40895823.20382943
854,40890412.3300166
856,40761133.737008974
859,40821593.424724996
860,40878477.50620722
862,40585220.22257226
865,40827927.367214955
866,40928508.190548055
868,40932480.242946245
871,40678660.92048238
872,40727165.71495551
874,40882948.64293497
877,40667899.939962916
878,40766922.26519516
880,40752420.42728243
883,41128366.11174213
884,40843872.211026765
886,40810997.59710508
889,40642306.852225326
890,40894545.42932128
892,40579885.08528704
895,40885746.021853745
896,41025835.958702624
898,40802322.82061524
901,41050619.08895848
902,40656216.143802054
904,40668267.50118404
907,40715205.03833737
908,40765173.34882944
910,40835016.616232015
913,40965389.410311565
914,40971387.23237411
916,41058337.922206774
919,40999440.27069824
920,41098352.4038187
922,41089724.31698299
925,41225023.68664726
926,40913668.304090545
928,40831509.46698391
931,40756230.1247393
932,40828138.81616568
934,40546988.77823484
937,40555062.83350432
938,40714730.23485051
940,40365367.18584814
943,40885178.291760996
944,41026880.00575811
946,41112396.754479684
949,41027771.95003084
950,40724217.821775466
952,40846500.926593654
955,40670387.5961955
956,41053520.43113472
958,40893909.72704114
961,40543623.174761534
962,41047134.9677947
964,40934528.83379385
967,40825564.77983355
968,40761216.72331056
970,40652100.82064706
973,40816525.82190139
974,40918595.8182025
976,40721611.011255704
979,41051884.16121405
980,40617472.84738671
982,40492018.82531054
985,40663812.41456349
986,40905156.42385392
988,41030722.41805881
991,40827986.32219929
992,40884154.3684457
994,40450427.34216448
997,40585892.11593889
998,40808700.99162166
1000,40743233.76858893
