,948442132.4306012
1,40266915.74514766
2,40201755.40986274
4,40022095.025103904
7,40199865.30959282
8,40377898.9848687
10,40157065.476287335
13,40020148.54022624
14,40413778.238016956
16,40340743.36769869
19,40331259.589267485
20,40304723.877754696
22,40488862.91643755
25,40284090.550645106
26,40334260.441432975
28,40317167.50684371
31,40111309.119452715
32,40459165.2990267
34,40206477.36308839
37,40123379.43980841
38,40230595.85675838
40,40317121.11141595
43,40324196.54931103
44,40250451.076511785
46,40183871.13743971
49,40372344.33164449
50,40244275.863264315
52,40333804.60590695
55,40319662.922513135
56,40446148.50068764
58,40325997.33236506
61,40060310.49847877
62,40414854.27468135
64,40255231.4940305
67,39910614.68122852
68,40194123.51164049
70,40159948.96788213
73,40425882.387622446
74,40078171.52563383
76,40232337.35906351
79,40311015.41689935
80,40386483.35939173
82,40312488.93010498
85,40302937.24792752
86,40210437.3115194
88,40315199.305568635
91,40302574.6278719
92,40235835.31197857
94,40184616.72027805
97,40362541.58132872
98,40452587.9999057
100,40037715.465967566
103,40297324.7852669
104,40420826.06676836
106,40174387.50754285
109,40363623.9760249
110,40331396.96925143
112,40290602.219607286
115,40253783.14259109
116,40225376.06535882
118,40356526.17710126
121,40122217.32387214
122,40367959.048598304
124,40246525.44654785
127,40291248.21405246
128,40142443.456249915
130,40109592.37227852
133,40473430.8775059
134,40279403.97238753
136,40452602.356947884
139,40061947.802422546
140,40225854.73409344
142,40338861.17150409
145,39933474.53334183
146,40504842.73867472
148,40239289.47145236
151,40213961.403749816
152,40278605.968877174
154,40314130.35522342
157,40504466.239293545
158,40478995.698706016
160,40367178.38059276
163,40331696.344134375
164,40093995.07734107
166,40496561.907519765
169,40396535.455321416
170,40225844.902204014
172,40393537.10686533
175,40117316.08567785
176,39966882.81191029
178,40629934.098914176
181,40310555.393271506
182,40172768.37249602
184,40040620.29297125
187,40072957.75025224
188,39933103.62795499
190,40383070.59220792
193,40376971.894873284
194,40500690.617183626
196,40287327.561671555
199,40190361.40469633
200,40229662.21861009
202,40375912.424483955
205,40149419.38264409
206,40275193.76939224
208,40340550.38930187
211,39975394.901968785
212,40049277.39280108
214,40008084.398479216
217,40125611.42920416
218,40324888.72859291
220,40079845.10789247
223,40206610.04921855
224,40462734.92323116
226,40393349.442182675
229,40282398.17012803
230,40275997.841445096
232,40281284.84230125
235,40403876.17107449
236,40250640.776857026
238,40065296.27225779
241,40322636.564142644
242,40176873.80667619
244,40319125.79262377
247,40303220.30963947
248,40374777.136171326
250,40057611.96482978
253,40318914.76988243
254,40269422.364451595
256,40220052.92554838
259,40218930.424211144
260,40245462.50928788
262,40315398.18272976
265,40247433.00882829
266,40262383.89840946
268,40210254.055873275
271,40285295.83524414
272,40081851.36784293
274,40169977.459963866
277,40292773.94101623
278,40258182.660549134
280,40370292.829951935
283,40187020.35561148
284,40433208.02154581
286,40192087.11151367
289,40242459.79848657
290,40245112.43356855
292,40410297.515636146
295,40106123.10414911
296,40186986.141485915
298,40389417.876182765
301,40103097.67282535
302,40245483.779399015
304,40068883.72571101
307,40132588.508770324
308,40299231.71645917
310,40050829.06998312
313,40379192.69327018
314,40421411.100689575
316,40381293.8777537
319,40089188.34667317
320,40288507.47587122
322,40424350.86946045
325,40440758.690156505
326,40483138.06242537
328,40341334.20378178
331,40157057.76978094
332,40276836.127363816
334,40316580.499287024
337,40185954.22106779
338,40079284.97222533
340,40290331.70917365
343,40374916.952539176
344,40213606.640398815
346,40310377.905117996
349,40408973.87403459
350,40142789.46983505
352,40113672.609644935
355,40319742.706933334
356,40230437.31063819
358,40300035.78540805
361,40291260.79281532
362,40202721.07286969
364,40551840.945479475
367,40166410.24078541
368,40215191.47827538
370,40155048.574069716
373,40376964.33599262
374,40260560.5223598
376,40248038.95435279
379,40485764.120939
380,40261386.928756684
382,40253356.393440075
385,40059575.09697453
386,40084087.09302417
388,40229346.04836373
391,40241282.95520852
392,40279464.2957462
394,40206533.928926356
397,40408115.14357868
398,40235067.081950635
400,40434771.82358344
403,40147441.34124964
404,39937338.82163613
406,40457443.261900246
409,39970755.49238449
410,40359197.97160237
412,40419639.134450294
415,40238462.20820965
416,40106571.67014292
418,40411542.75296539
421,39942597.74609855
422,40077990.21159803
424,40322693.33796994
427,40402301.5102337
428,40167039.54707983
430,40200684.52961744
433,40197064.571992256
434,40247169.69823603
436,40163440.831853144
439,40392291.757549696
440,40077538.98039459
442,39911057.0396693
445,40201404.08160047
446,40305357.66727136
448,40325991.73924333
451,40425677.506032854
452,40243347.02985788
454,40132474.22896449
457,40228077.22279355
458,40513117.59634402
460,40330335.61700288
463,40402917.09102826
464,40345903.97234898
466,40101088.65113357
469,40097691.26043138
470,40150059.815467164
472,40316550.74006775
475,40315140.084954984
476,40351175.79777308
478,40105854.6235401
481,40589027.92063828
482,40383713.43567768
484,40187949.272974975
487,40444220.100255586
488,40249667.94218135
490,40100205.1846048
493,40424063.96826525
494,40198646.11671198
496,40061531.88757871
499,40414907.33089878
500,40480551.128879875
502,40385722.01997732
505,40170298.98717414
506,40167614.18640339
508,40532919.12804006
511,40179705.67942817
512,40124613.472064175
514,40144464.86858419
517,40168882.02250273
518,40132830.69272855
520,40275254.605120406
523,40277926.283282116
524,40200573.311735585
526,40059184.942152336
529,40313509.93096149
530,40145410.80548307
532,40291176.515522145
535,40522007.41675594
536,40158939.34234668
538,40342464.36793572
541,40122267.253944196
542,40177965.19786813
544,40164237.547355734
547,40113617.549743615
548,40280846.97068692
550,40418043.75687447
553,40171222.55207732
554,39947688.40150107
556,40265048.81075278
559,40212772.412636794
560,40210282.37603197
562,40304388.470043525
565,40343275.54230904
566,40316024.92133957
568,40315412.95629339
571,40338507.9061463
572,40290214.791081704
574,40225495.688518345
577,40162667.48283295
578,40241045.55613645
580,40135511.19874016
583,40183420.1719745
584,40400950.61208002
586,40172248.71729474
589,40442435.95333337
590,40272103.0132028
592,40124991.799967356
595,40167316.15466875
596,40089915.326884195
598,40279789.78747036
601,40419569.28217023
602,40396282.91509706
604,40371010.32878452
607,40412080.743147574
608,40162837.73203082
610,40407714.10615417
613,40427645.0196752
614,40537149.61560957
616,40335567.38698118
619,40396912.577603884
620,40338976.449646145
622,40196023.54941758
625,40164337.593079
626,40127369.37791978
628,40256193.53783863
631,40039753.237069525
632,40211415.68077928
634,40425056.64401144
637,40433147.36052293
638,40389071.85075014
640,40314124.64565505
643,40348192.78280201
644,40225310.52319312
646,40190791.16438701
649,40109804.44931403
650,40458933.863806345
652,40184218.58887359
655,40261503.98304386
656,40175528.65182804
658,40261755.870741636
661,40253907.360777445
662,40174805.71934107
664,40202793.51803742
667,40305266.861721665
668,40198260.894655004
670,40274462.92223509
673,40486116.003399074
674,40312843.67243635
676,40121314.621237844
679,40347459.98522681
680,40236165.66860431
682,40314485.2902552
685,40364569.315739594
686,40203828.37336697
688,40437954.38429548
691,40199585.33727631
692,40300060.75372966
694,40167201.47537901
697,40526951.8201579
698,40316258.369859755
700,40130517.48142571
703,40242572.22346854
704,40028695.85371983
706,40356953.46612281
709,40185179.85882648
710,40166942.9521625
712,40102092.112502225
715,40335084.012513965
716,40533858.49170451
718,40353692.89711704
721,40119038.43668354
722,40212704.5426469
724,39965993.81797629
727,40269207.149163745
728,40368490.12359563
730,40237946.94527278
733,40161221.55021372
734,40180437.22861306
736,40156951.89469664
739,40112720.63061553
740,40267147.62735657
742,40422395.07817009
745,40280658.43980716
746,40276429.104753785
748,40463355.34144128
751,40059617.673720226
752,40495980.749479376
754,40273399.78178313
757,40159213.91391391
758,40188736.29586358
760,40189675.208835736
763,40256776.36087557
764,40547149.15482139
766,40464435.34079455
769,40259733.69775522
770,40196092.24877157
772,40255505.93359373
775,40314752.82920127
776,40384894.09043181
778,40315454.94769573
781,40203757.704742044
782,40169294.72614108
784,40335593.361267835
787,40146347.285274096
788,40240281.37957288
790,40136839.996210076
793,40054636.25596221
794,40190203.545204535
796,40259648.21484001
799,40126914.67000974
800,40443880.611528076
802,40374649.54856967
805,40474869.32747911
806,40289269.935400456
808,40400427.66554733
811,40371095.899627075
812,40364595.61416763
814,40278200.832191385
817,40202224.72139686
818,40193779.57078968
820,40235991.835301235
823,40395315.72577461
824,40242307.39728646
826,40323504.59694982
829,40278879.48792561
830,40214426.58507762
832,40260187.64880285
835,40245627.576010905
836,40457998.55506454
838,40356816.85915097
841,40299968.085473195
842,40158400.70582431
844,40228779.526525915
847,40271125.8357979
848,40104237.95425013
850,40271189.51703175
853,40305911.33361016
854,40264212.10770121
856,40260642.81210143
859,40372676.35445428
860,40310423.77584404
862,40429970.045511454
865,40319124.18572096
866,40330312.79674107
868,40405424.895430066
871,40342036.98688196
872,40260710.663888514
874,40277066.38396682
877,40134660.628131844
878,40453516.753873475
880,40167263.755410895
883,40299935.82447927
884,40280458.65976384
886,40451241.724609725
889,40000738.29987211
890,40219148.988364175
892,40350224.165929385
895,40236073.86128645
896,40334559.20790238
898,40272906.41460419
901,40572163.82610564
902,40129004.487831935
904,40280394.887828834
907,40188486.46325342
908,40343571.56801222
910,40161713.30932135
913,40422066.95915562
914,40415589.15361814
916,40375231.963125095
919,40329744.09073933
920,40421879.885612376
922,40361911.289174184
925,40181677.196855
926,40289012.17350897
928,40340022.939364314
931,40192979.192992344
932,40336118.79231511
934,40429959.66425722
937,40160691.96503663
938,40055723.14488388
940,40118291.02690156
943,40400207.00220629
944,40024503.85251315
946,40376368.678761624
949,40054478.917752095
950,40522828.539756276
952,40262302.80608492
955,40312014.322632425
956,40053581.54836878
958,40298739.55758085
961,40143230.28827121
962,40257854.33595011
964,40117314.7535649
967,40276227.003583446
968,39926499.55127132
970,40115961.950145654
973,40161721.694077305
974,40320066.57479544
976,40283893.94449283
979,40201781.603920855
980,39998084.07695089
982,40305720.54175407
985,40211311.37555466
986,40403675.80300517
988,40446163.59004967
991,40367554.94362582
992,40088462.789911434
994,39987905.49288379
997,39970276.386017
998,40237370.50480673
1000,40291519.74246434
