,992945897.8224385
1,42298499.8264397
2,41841543.63027334
4,42270854.896561265
7,41783113.8521833
8,41968409.793550394
10,41912559.3047387
13,41611788.191879675
14,42756113.713450864
16,42743516.55054184
19,42133537.957200974
20,42745708.473962225
22,42619113.07219069
25,42521489.64659707
26,43229161.25299629
28,42211937.42712419
31,41651355.33165685
32,41164794.62307622
34,41350406.991735555
37,42102747.82331506
38,42294466.1286452
40,41862914.49847075
43,40606693.648666754
44,42409813.710277356
46,46520725.15004368
49,45921823.75036026
50,46269696.293829836
52,45433272.928293124
55,45784078.15613945
56,45972684.48914497
58,45765744.88692555
61,44976623.85549003
62,45350975.97224786
64,46556772.70914454
67,46882048.87824861
68,45142241.30959182
70,47760200.63561005
73,45577993.328551054
74,46328526.652820304
76,45223473.37915917
79,47750928.36115993
80,47486732.18423537
82,48039323.71479418
85,48256971.08146704
86,48331813.6202822
88,47589833.21928451
91,47406728.70575183
92,47558218.66449253
94,40117173.30829157
97,41008990.05511776
98,41592160.667215645
100,40195119.223195024
103,41198610.77319749
104,41841030.74480722
106,41809271.37119563
109,41641582.03622584
110,42840493.38461778
112,43233174.8909684
115,42546654.26419383
116,42907299.69110729
118,43021509.55682916
121,42057788.31995715
122,43473082.377417535
124,42689284.457196146
127,42074376.43666779
128,41463987.102335475
130,41379862.37924317
133,41852577.08639565
134,41052526.90348831
136,41928263.80912519
139,42362456.91950379
140,42285652.95774158
142,42934682.929144785
145,41152902.50268255
146,42664676.19117209
148,41800158.8899381
151,41684104.834279515
152,42990474.66645131
154,42404708.381490946
157,41640069.328225635
158,43062096.69925
160,43307258.64759749
163,42126855.87455867
164,42245462.46630681
166,42835641.26222246
169,42205233.74075079
170,42807696.85563636
172,42977721.484686434
175,46119362.1785122
176,46810127.253129676
178,45437197.2132982
181,46003941.58610741
182,46867696.28956148
184,46050098.37044728
187,46620291.037198596
188,47366188.99686744
190,45215672.549586475
193,45474861.41526241
194,46289856.0935334
196,45386722.953358226
199,45500773.33268732
200,45040584.03453417
202,45506540.98533256
205,46078246.78234105
206,46684759.77016983
208,45224715.438860446
211,46108931.30412022
212,47288955.20068919
214,46424376.90104534
217,46003078.766194984
218,47047890.25040308
220,46592392.495034926
223,40833620.0031233
224,42885405.784013934
226,41692103.02827686
229,43866474.25233535
230,43514158.222398475
232,42999218.69194613
235,43981528.540657975
236,42121021.136511154
238,43395572.490147255
241,43195808.2032375
242,41595808.041046664
244,44187189.82098716
247,45447046.7555256
248,46345849.925167285
250,42227679.167223416
253,42994263.81480181
254,41349892.61599735
256,41642574.21343355
259,42025289.905311674
260,42747259.66536578
262,42476422.309835136
265,41555881.58216976
266,42119833.92018563
268,42053861.84483382
271,44250942.29690151
272,43522960.2053862
274,43268285.64912193
277,44776302.54888164
278,44191363.963721454
280,42573297.31582128
283,44410805.96216086
284,43708843.06433299
286,45153631.99084144
289,45232844.11098346
290,44858784.67982096
292,45912912.44597218
295,46550185.987171076
296,47352663.57387332
298,45557595.1839944
301,45017255.979731716
302,44398493.84019633
304,43243795.28154198
307,43867477.424019836
308,43681014.39608838
310,43337767.164497145
313,42687999.77814644
314,43501698.834819004
316,43479827.44865923
319,46175964.683561504
320,46859458.84958161
322,46732290.4416647
325,46528096.61740336
326,47113909.43246251
328,46640947.9826968
331,45868340.76853708
332,46378319.59105082
334,41126915.762853235
337,41724446.90625727
338,40525666.08746056
340,40391520.930354446
343,41588042.148095965
344,41280451.18764191
346,41455562.34812596
349,40557404.343385614
350,43873351.71171669
352,42506352.6930411
355,42922553.469199084
356,44015771.04468496
358,42470502.541428454
361,42858828.386956
362,43201212.13227876
364,43355828.61030095
367,44296065.98288881
368,43538874.32813733
370,44688078.126093715
373,45251764.1156754
374,44954853.7975338
376,43370745.095029496
379,44109389.17532466
380,43727163.58560127
382,41818941.591695845
385,42349060.10889988
386,43181879.76371284
388,42419294.06119008
391,40658825.648771256
392,42664098.09174094
394,42564413.696484745
397,42628791.400850676
398,41360938.78460243
400,42040424.813853584
403,41271800.692231804
404,40883313.26312578
406,42891266.975560054
409,41688052.091296025
410,40811421.55824286
412,41115961.22900395
415,41293375.31818916
416,41951847.20415345
418,42408590.70873737
421,40317138.73303456
422,41042798.192166515
424,42786659.19112233
427,41285225.26669734
428,41800015.85365145
430,43660600.48441656
433,43464980.23807424
434,43312780.91445126
436,42752753.52207831
439,42530658.22820784
440,43087832.37425183
442,43343018.20590705
445,44063569.11478047
446,43862321.50813426
448,44263288.952114634
451,44828261.85558075
452,44832041.30094089
454,45310438.95055379
457,45654411.86979419
458,44416630.89076349
460,44868908.630792275
463,42922990.68988643
464,42974481.621711016
466,42835119.351665154
469,42651201.14072348
470,43583185.090608865
472,43584403.415115364
475,41965341.841121316
476,42309074.28847485
478,43680652.430978246
481,43390493.65173413
482,43677900.181832045
484,43857645.94512853
487,43413573.39318023
488,43663637.84384918
490,43588853.55546506
493,44450483.14625141
494,41560273.44333116
496,41946011.65873236
499,42394123.81243323
500,43360862.826027244
502,42657158.35136471
505,41917974.03470731
506,42285384.273535095
508,42611141.48032666
511,41580120.072247334
512,41392399.832945675
514,41949840.27180999
517,42294747.37486577
518,41522152.92597597
520,41610230.4408857
523,42541492.79894845
524,41652717.961555764
526,44948004.44716937
529,45041325.17544706
530,46462509.22165332
532,46049982.55405816
535,44918269.47238154
536,45953145.51197441
538,45599570.496651456
541,44178512.43536143
542,41402129.769162
544,41231902.90712568
547,42221098.036068134
548,42338244.41071129
550,41160635.67566973
553,41847021.390422866
554,41395086.731558636
556,41048542.2232373
559,43859949.01325663
560,44032016.20503397
562,44302652.874422826
565,43877159.38345881
566,42885979.4113317
568,42850949.01982208
571,44467861.87763577
572,46113333.53331196
574,44666522.473528564
577,44087476.82571071
578,43267615.28630053
580,43627611.60888394
583,43062281.24032068
584,42945543.648309134
586,44195081.61497555
589,43971798.4356684
590,45801392.18400942
592,46659214.497789636
595,46576133.01140535
596,46850697.2420582
598,46609128.35532821
601,46273510.287048146
602,46917268.18514473
604,47764294.98263171
607,42008597.437597044
608,40723123.485887736
610,41335782.61984079
613,41253867.112913504
614,41275509.86087665
616,42322395.664537
619,41390848.04754346
620,41375454.492391
622,41899684.19506543
625,41101788.1183093
626,41485587.891395725
628,40537845.00615735
631,41626818.17709486
632,41556409.324430496
634,40788763.018600225
637,41681129.434082545
638,42519631.02727827
640,42510248.00474728
643,43192006.54260294
644,42296698.5003635
646,43547166.08275357
649,42760172.21426782
650,43379557.90171903
652,42622248.075824544
655,41532207.80180175
656,41588701.23331923
658,42699081.05835408
661,42859901.47723628
662,43192320.64779847
664,42322517.08723732
667,42877836.262580104
668,42562070.26790235
670,42555063.66638466
673,44196111.51795899
674,44046458.20688138
676,40524256.77853524
679,42140384.8125853
680,42906717.81736131
682,43788441.86491919
685,43376440.968885526
686,45172234.82159672
688,43783839.46746026
691,44045002.10241192
692,43888432.43664001
694,44345409.59414091
697,43722513.01287413
698,43532082.929371074
700,43225310.867071494
703,43141517.94383099
704,43666214.01022119
706,43608688.258337
709,44001249.01476196
710,43901928.901724756
712,43508865.78957941
715,43829685.27758067
716,43156166.38728917
718,43805278.288883515
721,44146349.485697865
722,44767778.272090696
724,43570483.71969843
727,44857164.494792834
728,44867821.09521924
730,45007718.12433065
733,43744949.09342039
734,44733788.99069719
736,43959112.32242039
739,44738103.782130696
740,45992712.91556398
742,45266126.35265057
745,45549009.32489068
746,43386299.833393395
748,45284473.18057138
751,44492541.14327191
752,45375674.408670634
754,44953694.38548579
757,44307225.59056085
758,44073723.531641744
760,45400571.726400234
763,45195624.33099637
764,44842704.52908665
766,45161648.924178846
769,45018684.64879289
770,44554004.28153611
772,45987705.0394857
775,43600613.27273885
776,43246515.17744842
778,43863313.974007756
781,44853857.22056342
782,45750752.96694628
784,46032222.72321142
787,45746505.16690115
788,46444923.22616426
790,45057503.409346126
793,45800742.9422429
794,44831738.258366466
796,44153962.43914649
799,39916947.82601417
800,41181695.59824155
802,40010431.454148136
805,40536286.207769975
806,39252118.11849662
808,40115769.34342669
811,40481040.97462276
812,39707162.895196654
814,44735048.41571481
817,44186476.342725314
818,45329638.373597555
820,45423730.90110284
823,44292989.46656368
824,44347342.63433541
826,44884343.52119903
829,44713468.69661899
830,42542025.69666493
832,42195677.40427897
835,42834200.83802012
836,41647352.49191567
838,41421704.50095871
841,42368258.21359614
842,41306663.04000173
844,40081919.97733802
847,45700067.117990546
848,46856056.18123759
850,45993636.687947206
853,45406835.60008408
854,47219127.07834728
856,46175242.688494466
859,45167984.080684036
860,45761784.26707213
862,43454198.91417625
865,43971941.51625777
866,44787945.00496059
868,43213401.75095209
871,42428683.82804955
872,43332299.171289295
874,42889066.47782118
877,43246275.204520226
878,44857468.363652825
880,44813577.78347873
883,45251142.025156684
884,45277380.070411675
886,43814917.714170076
889,44200688.53820835
890,44550170.39135214
892,44484697.526616186
895,44677026.63297753
896,44033827.00135248
898,43848146.953798294
901,44451494.84199371
902,44349120.12565848
904,44734680.67311995
907,43787069.52742514
908,45167844.34117248
910,43718773.116172634
913,42864719.64934359
914,44341426.63985145
916,43465074.889109366
919,44873537.65447585
920,42967313.884681284
922,43936587.22565817
925,43519066.669069886
926,43543168.760607995
928,41439228.65327547
931,42614171.31456821
932,43714339.1394392
934,42016165.341584586
937,44048287.28445285
938,42903404.22232597
940,42177236.007237904
943,43875574.393812135
944,42848122.45853617
946,43248910.45875889
949,41994443.60942366
950,43681125.74116735
952,42592393.84731809
955,42962427.733460374
956,42401213.017366715
958,41926077.411499746
961,40879732.95716569
962,41551681.569831334
964,41601100.133702174
967,41926124.82423513
968,40736084.45253271
970,40599384.52349176
973,41716800.6137829
974,43036762.894450605
976,43411675.48504483
979,43995721.540808424
980,41983610.27921524
982,41307350.555776894
985,43563759.35488334
986,43098535.70483086
988,43020325.63279324
991,44205945.31466342
992,42958324.09535576
994,42022794.03837495
997,42485621.34478555
998,42834964.44303542
1000,42876298.55858936
