,996058228.9665772
1,41821829.846043155
2,42563448.578791894
4,42344857.40475889
7,42105129.798031434
8,42654481.39287053
10,42277526.760329895
13,41910552.7642615
14,42120083.7655527
16,42356500.65490257
19,42311704.216388986
20,42077199.30731168
22,41919126.61008029
25,42131512.30324968
26,42126032.18216165
28,42391486.49261543
31,42108366.11044987
32,41704374.62852713
34,42121338.572866514
37,42028289.13646003
38,42600382.63858888
40,41796753.06275812
43,41668358.10709533
44,41984183.49508486
46,41792513.84135694
49,42599091.10028341
50,42081152.77176821
52,42070729.743802704
55,42325272.12813798
56,42517908.229748555
58,41509163.833344854
61,42200637.22433048
62,41649439.660504155
64,41767309.68519208
67,42047630.566785425
68,42320088.569757804
70,42491955.29159363
73,42234573.87173876
74,42232480.80649558
76,42534155.836922795
79,42041513.70946992
80,42003557.61903316
82,42566840.627450176
85,42202055.77273594
86,42162843.96841471
88,42403732.07126494
91,42107486.21457549
92,41751279.55537258
94,42004250.35212306
97,42441665.57757437
98,41888366.69189343
100,42076703.14737667
103,42151121.69761676
104,42235757.80423432
106,42351295.93466351
109,42259858.94453499
110,42119331.38168069
112,41978335.21292122
115,42253524.39073675
116,42236086.89977815
118,42188134.95280378
121,41460937.584221184
122,42501106.533606745
124,42313322.08980369
127,41934058.676166706
128,41998446.77902877
130,42010052.52356725
133,42349214.05404983
134,42119596.50632735
136,42502426.314946875
139,42453107.62895202
140,42098325.34558026
142,42175077.004858226
145,41898505.01646367
146,42766714.65283859
148,41315288.07191286
151,42051016.49341197
152,42402459.60274312
154,42056938.07938176
157,42139948.556488544
158,42370492.79483915
160,42381335.48327373
163,42302796.622100934
164,42213872.55333492
166,42208357.058567025
169,42146795.22172236
170,41933258.05694769
172,42389293.60119588
175,42120023.0675857
176,42229264.89449625
178,42215147.28651967
181,42110335.81635445
182,41760173.051678434
184,42399197.28200704
187,41908974.82096424
188,42455350.38385184
190,42276137.14305678
193,41835945.441565566
194,42355683.38736439
196,42106312.9908666
199,42448134.83672282
200,42137010.59505825
202,41674370.23713258
205,42099187.23367976
206,41947929.604156904
208,42294904.70706227
211,42143449.95980318
212,42038155.23901632
214,42005732.11943038
217,42112684.323341735
218,42371790.65097413
220,42200004.497606955
223,41825580.06284313
224,42402036.00874954
226,41925691.31524872
229,42171922.565246195
230,42229575.68803231
232,42247400.05764837
235,42449363.30093354
236,41982631.179269694
238,42556203.45031306
241,42299278.69282491
242,42036723.91602421
244,42379986.727354795
247,42244812.508784354
248,41953300.434220694
250,41769493.8823791
253,43853866.145835765
254,44022463.68921597
256,43571724.58722416
259,43215450.91558776
260,43996694.44143797
262,43714812.00647698
265,43231294.55164253
266,43633505.16296187
268,43716129.56455902
271,44215276.929023765
272,43801566.76403799
274,43373585.49229962
277,43828187.117250904
278,43671878.462700635
280,44308366.997438066
283,43463522.99238347
284,43839190.74283918
286,43834518.313244306
289,44167110.579577565
290,44184814.7050229
292,44353970.07198026
295,44415825.665810406
296,43788778.243501544
298,43943230.0736459
301,43641491.107653454
302,43865343.459330454
304,43548246.40110019
307,43913557.53367532
308,43697618.06489649
310,43772982.78594778
313,43094316.319485806
314,43513924.714813784
316,44286076.90473358
319,44003580.41934193
320,43857299.76240762
322,44049283.02613146
325,43687972.75036095
326,43685377.786450595
328,43537964.202833205
331,43831034.96032936
332,43234967.13983051
334,43773028.539632656
337,44006638.919085965
338,43947805.212170556
340,43792480.24919334
343,44383717.33156316
344,43904145.06753882
346,43842372.23360086
349,44149281.57656523
350,43783334.687792554
352,44061757.64713603
355,44048790.50962482
356,44292018.466116026
358,43641686.529196724
361,43901988.150751404
362,43221108.8553084
364,44493434.86412733
367,43572966.076926865
368,43499860.80272232
370,43863762.34468273
373,44212719.82045994
374,44221821.54888714
376,43065752.13910942
379,44103624.682157084
380,43313938.54353957
382,44093852.14653056
385,43344571.34061876
386,43538982.975701965
388,43250747.66123833
391,43659709.74426922
392,43952678.09177646
394,43616976.32573507
397,44054403.151580565
398,43583803.150069326
400,43999455.233988345
403,43548913.54770588
404,43237887.78399737
406,44283752.95969574
409,42903905.327576846
410,43776140.766225584
412,44133716.63325419
415,44262943.17579882
416,43448831.57825203
418,44056738.66856704
421,43713361.54544426
422,43179215.9513744
424,44096665.64646073
427,43922866.59438159
428,43817315.51047135
430,43364607.63058113
433,44241233.153334536
434,44202205.32053362
436,43910459.84730181
439,43668827.883096606
440,43272280.80528613
442,43591587.86783345
445,44155572.9860661
446,44482704.561616525
448,43579039.272347614
451,43584071.918060414
452,43412679.9577703
454,43787914.38058138
457,43680072.84417369
458,44304542.75538845
460,43766697.139032334
463,44471946.738038644
464,43717392.31469977
466,43844334.19705631
469,43816592.4217248
470,43989491.10136837
472,43873988.54723278
475,44136447.35875198
476,43323288.33856234
478,43889421.63249646
481,44007237.4295317
482,43829621.23911722
484,44224013.220383644
487,43906361.74188491
488,43918182.55017133
490,43525215.9950966
493,44615354.28146955
494,43849034.313732915
496,44143223.37375825
499,44608557.36541846
500,44130814.41590552
502,44058197.00635682
505,43449242.49950803
506,41979182.568813294
508,42182572.27089996
511,42277560.60478083
512,42033400.73942397
514,41869547.63591601
517,42332869.421858
518,41863900.165163465
520,42052370.80778231
523,42208117.671101175
524,42054292.35000064
526,42319690.15236087
529,42272472.58469108
530,42058498.9091109
532,42065246.778344184
535,42141202.394532226
536,42069006.29930269
538,42106139.01779123
541,42245621.473939516
542,42338406.103350766
544,41845349.817471355
547,42142905.82535762
548,42401183.76278054
550,41970580.55740102
553,42324475.28181592
554,42274049.53047229
556,41998077.592380986
559,41986185.863206014
560,42223827.46494902
562,41867146.81309803
565,41914868.92496667
566,41971435.78934933
568,42146539.98103221
571,42338963.98820804
572,42002296.83716665
574,42203516.59941765
577,42171503.658781014
578,42209417.97454383
580,42269426.08038162
583,42227054.40801949
584,42007395.41310695
586,42137209.405658066
589,42336887.033050984
590,42333835.062861815
592,42167905.63235662
595,42055207.89071823
596,42109334.87302082
598,42211616.11181942
601,42102258.81817706
602,41984402.31922013
604,42478486.45234605
607,42195834.16332322
608,41781038.1544975
610,42222574.59179424
613,42111270.754825726
614,42267372.902305275
616,42487712.82023326
619,42231971.66312712
620,42294779.36926908
622,42334415.90473463
625,42098188.127366416
626,42366059.30584068
628,41993977.299768716
631,42234127.29371866
632,42225454.37387614
634,41996057.65660495
637,42038704.82098063
638,42338574.151538685
640,41915866.157526806
643,42126857.50392386
644,41717993.21107389
646,42440547.168416865
649,41754801.08073112
650,42283700.12432276
652,42276406.68936473
655,41994525.17411826
656,42012739.72431703
658,41982238.82823206
661,42228916.830713175
662,42233433.20918525
664,41860466.7960877
667,42134553.26396141
668,42108638.67742049
670,42148997.37376128
673,42187442.41114814
674,42284679.485802464
676,41750601.35238954
679,42089764.41346779
680,41840412.496733606
682,41853113.44596426
685,42038733.397787556
686,42030818.984412566
688,42138460.24030942
691,42146239.68912041
692,42065483.46374845
694,42040168.27952754
697,42306260.31755372
698,42193787.56687646
700,42131378.05824924
703,42110558.575234205
704,41964637.43903021
706,42074881.43281952
709,41991886.53980148
710,42303869.75140205
712,42064073.03136206
715,42019910.9616323
716,41854650.15574107
718,41851151.66979457
721,41914186.96952417
722,42252872.67899584
724,41944075.50653019
727,42066617.69454389
728,42151149.12692835
730,41925174.00632898
733,42073730.229478166
734,42061411.796533555
736,42124620.28360365
739,42110297.84151436
740,42190944.71967209
742,42058738.67175283
745,42271639.904877
746,41982874.6744193
748,42188370.448788874
751,41725119.55919095
752,42205493.49043691
754,42272451.05834725
757,41868367.565048516
758,41782180.97300297
760,42272630.61354559
763,41669793.92785963
764,41831935.917312704
766,42409199.818579175
769,41948687.6179052
770,42535391.97926658
772,42989692.11181693
775,41873499.87515446
776,41515583.15428902
778,41768986.500568055
781,41789304.38873581
782,41811966.293298006
784,42325331.748579055
787,41088653.48382546
788,41685586.675260335
790,42389918.02417582
793,41860487.840703495
794,41279631.60374282
796,40870807.89525816
799,41288914.05112435
800,41898574.866941735
802,42269668.38313395
805,41488992.60010529
806,41843661.686271355
808,42303815.341068484
811,41813199.026671015
812,42215757.25687044
814,41622851.4703415
817,41795459.846650414
818,41905976.72941901
820,41836549.102387056
823,41095640.64821987
824,42089383.672608145
826,42020046.77058835
829,41836407.02084781
830,41674270.091612674
832,41726350.69652843
835,41711377.74589953
836,41873314.64632464
838,40875993.301317215
841,41278961.44782856
842,41429174.708484314
844,41894906.65456375
847,41957385.98652447
848,42666770.962717086
850,41781868.95342249
853,41663999.93650285
854,42055611.96867099
856,42658296.0983846
859,42586349.14831928
860,42714043.24182582
862,41631127.378040396
865,42030078.90419973
866,41564782.17244593
868,41671243.516806185
871,41614948.292705946
872,41653034.884080924
874,41190241.31468564
877,41969191.250479944
878,41949135.302937575
880,41864586.09211926
883,41815529.95295277
884,42156470.12888538
886,42159789.18047046
889,41694027.001318045
890,41463253.96221485
892,41806813.48605797
895,41951535.55906778
896,42599547.26844338
898,41623632.289100915
901,41866236.671391055
902,42228970.18351798
904,41402329.216842666
907,41487547.29162582
908,42079590.56088719
910,41976648.450079344
913,42132046.66787045
914,41817300.48459488
916,42225902.236444816
919,42816723.30089371
920,41508595.28522468
922,42280462.57879399
925,42129410.92171089
926,42300150.173304036
928,41648819.33321721
931,41933431.635726996
932,41726828.091870256
934,41693455.26526292
937,42215480.475126356
938,42349188.721675105
940,41647446.07140052
943,42045249.40739668
944,42347090.816166885
946,41656241.32306571
949,41580721.09193878
950,41438794.92675981
952,41686011.368694015
955,41778548.5895764
956,41885845.69222026
958,41528092.74458473
961,41712176.83448436
962,41621473.17977285
964,41818095.705750346
967,42136981.361808024
968,41627756.277179204
970,42217756.30458402
973,42593538.079280786
974,41814857.72784527
976,41524753.18993449
979,41798343.426280096
980,41488994.85559603
982,41595823.85159987
985,41373679.62780448
986,42177141.83460269
988,41603789.6827863
991,42084485.553451516
992,42466376.60387136
994,41331512.24387679
997,41778055.04405123
998,42258714.52644734
1000,41875788.55027927
