,985789781.2753524
1,41895369.04308771
2,41721467.04951204
4,41508208.526562914
7,41687132.316412844
8,41958877.72996063
10,41687589.00047784
13,41604905.5679107
14,42020038.37586741
16,41938247.27913331
19,41919712.72453487
20,41866212.251918145
22,41993853.73580578
25,41907739.80023072
26,41940816.47577684
28,41917684.380769
31,41601210.04347919
32,42033404.454090595
34,41745172.12356227
37,41703586.86332799
38,41801592.14109802
40,41868944.84031902
43,41966565.713997535
44,41872260.382177286
46,41764016.56453002
49,41890450.14660237
50,41791176.1838118
52,41885398.98355289
55,41818208.25888041
56,42053209.78382675
58,41937135.633237645
61,41538312.72641953
62,41950334.41340153
64,41792382.117511354
67,41505007.75307707
68,41709164.53386364
70,41687621.80008985
73,42010830.4240009
74,41634487.21147601
76,41692387.50526508
79,41900527.11083958
80,41914715.29195785
82,41760331.12712473
85,41929229.68058671
86,41773401.756062895
88,41842088.19229339
91,41883181.762868084
92,41735047.800774604
94,41810178.64108571
97,41931467.1326928
98,42025177.74774277
100,41574466.25852417
103,41815454.30779359
104,42001302.67481768
106,41750237.20163203
109,41966510.56858868
110,41940178.82557368
112,41811638.72894037
115,41755934.549720846
116,41822563.03405935
118,41946027.94885173
121,41648051.98202715
122,41873536.26915357
124,41824292.12474573
127,41808425.40036395
128,41656706.131722875
130,41626487.33962193
133,42057570.251518905
134,41913484.62262202
136,41995084.62222184
139,41639723.66989085
140,41736781.56257161
142,41866610.85438902
145,41531250.7991915
146,41992481.30475032
148,41704880.499234825
151,41827423.11790169
152,41881196.55339715
154,41911322.92656376
157,42048958.96164587
158,42081678.17653833
160,41846388.61314084
163,41967600.54321903
164,41654248.410626575
166,42032597.36719964
169,42009598.96683225
170,41849400.65993081
172,41928541.17943857
175,41592827.05576368
176,41509214.29535115
178,42205312.95750715
181,41910653.08472093
182,41712156.97950703
184,41637717.13115723
187,41579774.829287775
188,41448279.53691569
190,41909029.50360028
193,41991269.23029346
194,42143175.87838722
196,41876404.491240665
199,41711573.15645081
200,41718239.1618231
202,41983114.28204545
205,41725542.7838486
206,41872272.8928186
208,41858348.57361069
211,41448662.525017984
212,41597933.69193932
214,41544212.40059436
217,41723985.980073206
218,41774271.58145271
220,41693673.72457511
223,41753745.019015
224,42052915.31622677
226,41873969.906489596
229,41838265.12767965
230,41850713.23416476
232,41825329.35154913
235,41903413.18968304
236,41846873.739509135
238,41676210.776390485
241,41981248.288685896
242,41782426.71745372
244,41906501.46887864
247,41847595.33831226
248,41865744.50860873
250,41638152.20062868
253,41800486.582498804
254,41821005.101142965
256,41679371.502393566
259,41837638.06598836
260,41847343.26540944
262,41906728.56827095
265,41823215.82175372
266,41775570.914849415
268,41794033.13655648
271,41943855.92966689
272,41564908.56246939
274,41686959.17046219
277,41791090.04027941
278,41836568.644640714
280,41812759.91103779
283,41708187.09931991
284,42060837.35457037
286,41812664.84442079
289,41868845.247509345
290,41729321.031617016
292,41948044.444368534
295,41626403.74302463
296,41697708.14999787
298,41966697.53033793
301,41607332.301356755
302,41893656.79324037
304,41565253.23506971
307,41655181.08795121
308,41800665.64587446
310,41519914.85941547
313,41993530.179272816
314,41945834.730687805
316,41912930.38781848
319,41666296.87185694
320,41798603.865116104
322,42042370.6903758
325,42064914.832247086
326,42070825.22305326
328,41834372.87558928
331,41768418.922658786
332,41851681.88290395
334,41911180.536702916
337,41733056.55225231
338,41715044.23954793
340,41893729.61753659
343,41962745.865651235
344,41737030.95749079
346,41769941.91289364
349,42008750.21879298
350,41761611.18804419
352,41614102.750144005
355,41970733.21400284
356,41795156.688392706
358,41890901.65700664
361,41858809.56849827
362,41678425.54556359
364,42180037.84919584
367,41645161.42657614
368,41736212.21818464
370,41601968.669381596
373,41928102.42712946
374,41805757.068641655
376,41747525.43405471
379,41970070.01518297
380,41801003.95055343
382,41788378.86285364
385,41590263.21707799
386,41647632.919244535
388,41735382.3455001
391,41870344.76752445
392,41928196.62776524
394,41677455.77085219
397,41915369.14660908
398,41874588.53343159
400,42023448.30821997
403,41702010.557590365
404,41481523.799280025
406,42105728.289152324
409,41477041.96838619
410,41851469.82195258
412,42059492.70885238
415,41808215.026243456
416,41620430.10824965
418,41972260.64368133
421,41573542.20287454
422,41583591.034606464
424,41979421.54673719
427,41905472.67208786
428,41678584.338799596
430,41803143.38088626
433,41814168.51240586
434,41774184.26614175
436,41812190.84463634
439,41878912.72101037
440,41539092.69602105
442,41509076.076681755
445,41764722.92996721
446,41775759.86121093
448,41878200.75984298
451,42016357.54593772
452,41848659.30220133
454,41642288.86727344
457,41844139.30344791
458,42101363.70748053
460,41888543.93473618
463,41991230.76105856
464,41941993.093876794
466,41627457.91855431
469,41634488.668866746
470,41641532.92962317
472,41943638.47004039
475,41955282.640051305
476,41905860.71980175
478,41740478.070891306
481,42111642.43944087
482,41940323.71436985
484,41691342.83422814
487,41963304.30006066
488,41836576.21862074
490,41714627.546679124
493,42031517.35069574
494,41684032.867659464
496,41583008.51686147
499,41954540.66722783
500,42001502.10653723
502,41891843.6938227
505,41777795.727941744
506,41837014.620297484
508,42157838.85757768
511,41649635.43575062
512,41602523.76734333
514,41732658.37767315
517,41754109.46093053
518,41665687.686042115
520,41746514.64205634
523,41810129.98625037
524,41745663.67596082
526,41524811.66640538
529,41936551.28791714
530,41645565.45361097
532,41851420.264914185
535,42091277.64082926
536,41750407.21355419
538,41932369.48470726
541,41608405.92563723
542,41676529.54228262
544,41684425.88293376
547,41648563.12161947
548,41791586.22295042
550,41986591.664641865
553,41653912.424133345
554,41456619.752170615
556,41816437.7616351
559,41843370.95270821
560,41724899.121062815
562,41962248.77100966
565,41881733.46550364
566,41824182.01910389
568,41864958.39727423
571,41801413.63448788
572,41811166.64087899
574,41783918.94484243
577,41730583.19638894
578,41803133.385030605
580,41772938.395690605
583,41704834.154097125
584,42007789.108177304
586,41763954.52058371
589,41920940.402999066
590,41796499.49081342
592,41707349.09671424
595,41832850.08865178
596,41708729.28610599
598,41878304.91330318
601,41953836.86705988
602,41942187.436705835
604,41859022.62009115
607,41998709.37729548
608,41682105.78722748
610,41909713.609911785
613,42050964.910409495
614,42143287.66203975
616,41938044.980338104
619,41914865.6170375
620,41898675.48253068
622,41727128.63561468
625,41651809.4252569
626,41691666.64128108
628,41873780.196638204
631,41573863.78464318
632,41712165.55727846
634,42046729.89402256
637,42024232.12384784
638,41923470.20849671
640,41962929.44821138
643,41868947.282859705
644,41687871.70186895
646,41681898.09961566
649,41702912.806277536
650,42056964.91296693
652,41645296.81480636
655,41798747.8665003
656,41799462.58200312
658,41845852.579663634
661,41742034.21695278
662,41787940.21378058
664,41743475.074709445
667,41900411.94433482
668,41757262.72303573
670,41878964.68854924
673,42111936.00947862
674,41829852.11601007
676,41730410.907133125
679,41935810.32177935
680,41859429.12765632
682,41869089.873239964
685,41974381.014495574
686,41759765.08170657
688,41970170.98160806
691,41814835.04154078
692,41874386.57882101
694,41699747.98897329
697,42117171.21994723
698,41788090.48988862
700,41635344.7226807
703,41714315.07020331
704,41554230.59370676
706,41973083.5010306
709,41769209.92774364
710,41795864.721276216
712,41624149.94080105
715,41908022.54850368
716,42100733.96876398
718,41975561.03378806
721,41713912.47211203
722,41679259.19398387
724,41459746.39937572
727,41839023.99920405
728,41852521.401137024
730,41812003.101570845
733,41746014.80612106
734,41749679.67899699
736,41723850.32378748
739,41744195.02513423
740,41923487.383360304
742,41962167.59288653
745,41845342.33760074
746,41889693.4792908
748,41963520.82811263
751,41612945.73944365
752,42009518.27626803
754,41810494.21152596
757,41775173.812412694
758,41691068.058759205
760,41793240.97567573
763,41761259.22343268
764,42149981.30757943
766,42064539.28009307
769,41864199.99726969
770,41724132.734696336
772,41784293.00840765
775,41922629.620096736
776,41992216.68890465
778,41848293.10085701
781,41850985.04596617
782,41785486.7396424
784,41934385.56765989
787,41727584.55598879
788,41821218.28624403
790,41668600.76610712
793,41593381.28416548
794,41749645.707604945
796,41827816.33872332
799,41761852.518538155
800,42000168.13155719
802,42006787.59625189
805,42090988.282783315
806,41840325.61980859
808,41952885.97169668
811,41907617.49591197
812,41977213.41903328
814,41914018.90259167
817,41763444.35307775
818,41846104.98387129
820,41807948.00597367
823,41973946.771138124
824,41851924.065842845
826,41930085.8398298
829,41856149.836094774
830,41738409.95150837
832,41831782.735584944
835,41709970.631118864
836,41995040.8993392
838,41868967.722898334
841,41911059.67511713
842,41826680.99289223
844,41874291.45185792
847,41889606.25241417
848,41634862.657773264
850,41773961.17860353
853,41813931.28060557
854,41816953.0207598
856,41916658.42118325
859,41867096.86646614
860,41814802.986367196
862,42071698.164775446
865,41902257.02502158
866,41872398.87159632
868,42042953.977811776
871,41902287.72887827
872,41886980.82515758
874,41888270.0251064
877,41640468.18876761
878,42078228.16958624
880,41659999.095835395
883,41801331.488000534
884,41779373.236734934
886,42006957.8689589
889,41617063.886243634
890,41724268.87817268
892,41988648.70463433
895,41721583.898134805
896,41856526.99919263
898,41825481.61522727
901,42051386.943338975
902,41618853.90969842
904,41920859.56383089
907,41828802.76611612
908,41846655.042357795
910,41639061.234714806
913,41921447.94382918
914,41915831.13278162
916,41829042.76866007
919,41887461.17537701
920,41911926.37617168
922,41999659.95276018
925,41782113.87842551
926,41801639.48856168
928,41892924.183485985
931,41817351.62462604
932,41964007.82739889
934,42059250.381150946
937,41696121.47438487
938,41538978.169677764
940,41617589.58631411
943,42037185.887833856
944,41514048.62697353
946,41982410.508701704
949,41635551.12485902
950,42095576.43313382
952,41831283.28027507
955,41837150.06686483
956,41641469.11152066
958,41863472.758606516
961,41657215.350803085
962,41908119.635081716
964,41685809.70110066
967,41812909.34295466
968,41413435.40365224
970,41703586.51180657
973,41683479.74873651
974,41815407.88721419
976,41853690.26859399
979,41764948.07837719
980,41524043.1085615
982,41939392.6661286
985,41811103.750479124
986,42019209.23064482
988,42066157.14093004
991,41813958.94585581
992,41752778.427120194
994,41538319.221394874
997,41467812.14861408
998,41794573.53234532
1000,41897056.69192867
