,910511730.5085256
1,38506370.52162017
2,38519695.310435265
4,38567592.862119734
7,38592194.210171714
8,38608822.220263034
10,38459998.19326
13,38497985.82360602
14,38681141.43245871
16,38577550.368263975
19,38486974.09985449
20,38598344.708083674
22,38680196.79162863
25,38539297.47721634
26,38532162.25046066
28,38399520.830225155
31,38626411.85711902
32,38575299.9269543
34,38574623.20597525
37,38535148.383988835
38,38591190.71714381
40,38491363.75189843
43,38435468.963957034
44,38507558.167749025
46,38617567.409775995
49,38555790.13880845
50,38667499.33246091
52,38605992.70071565
55,38487983.13494455
56,38573343.42558188
58,38541256.002221815
61,38560437.58325118
62,38628196.73946627
64,38497162.601647966
67,38407005.444872156
68,38500022.0409485
70,38629023.44878152
73,38519598.03072643
74,38487049.42192698
76,38555157.825409085
79,38565395.11269151
80,38500411.293767564
82,38591364.750793196
85,38482761.57456116
86,38428631.91264772
88,38572290.84058892
91,38420091.805597566
92,38503574.789147325
94,38578114.01120505
97,38550642.63750633
98,38542023.34108741
100,38468458.85523118
103,38524904.07441165
104,38544385.57998184
106,38520588.325035736
109,38618241.08257416
110,38664074.848435625
112,38542287.018263645
115,38606940.82504232
116,38540393.09290391
118,38519210.14739571
121,38547325.16411186
122,38667566.19314677
124,38611659.415480636
127,38473069.94107113
128,38674890.32656753
130,38437995.99417169
133,38490995.58431174
134,38427872.47168231
136,38569776.643772334
139,38502841.29721881
140,38460879.43493653
142,38468220.91269311
145,38379904.826678805
146,38490973.19032574
148,38435033.35331575
151,38498412.196008794
152,38598530.17007412
154,38558851.39042535
157,38636903.22303022
158,38471363.56638919
160,38507908.34124953
163,38550928.52891422
164,38527190.138473615
166,38673483.1895495
169,38540280.03661424
170,38458317.59132118
172,38603692.91854251
175,38576190.56452135
176,38501207.51594301
178,38623845.363529496
181,38620443.04835896
182,38584425.8478224
184,38498613.75099072
187,38509770.76670407
188,38489910.059975035
190,38508270.92088366
193,38500788.24136335
194,38587106.511576615
196,38482712.596060365
199,38519099.425907396
200,38534058.07082012
202,38613472.10976642
205,38585706.33380967
206,38615249.76114924
208,38561596.88775135
211,38425421.508470245
212,38565771.72904056
214,38448840.52943684
217,38559251.5071829
218,38543333.76937548
220,38491495.934795186
223,38529838.7876112
224,38633138.97288612
226,38477503.402599156
229,38491456.865545884
230,38626848.498483524
232,38584731.9963056
235,38636149.864431165
236,38652955.25107173
238,38489670.15803177
241,38562978.41627705
242,38500051.502058186
244,38499308.55002794
247,38535568.179471985
248,38574677.855150886
250,38598800.545468874
253,38557129.35834305
254,38501164.438986905
256,38518459.77109989
259,38580924.001406394
260,38557248.14560864
262,38462657.42396943
265,38597304.73548806
266,38624639.496944755
268,38567039.12341581
271,38456326.99861164
272,38450502.88498433
274,38470835.64371319
277,38446951.24692523
278,38532324.282260865
280,38573828.053346865
283,38642335.60470913
284,38619234.33532968
286,38612346.83937178
289,38651448.4109044
290,38562599.94510716
292,38536000.91181009
295,38545698.074433796
296,38584215.15153752
298,38630494.5600934
301,38541637.49064234
302,38543134.45411865
304,38505154.163881846
307,38578154.14077236
308,38533273.95491755
310,38528888.7499924
313,38492745.1775441
314,38536018.66599233
316,38489465.14114687
319,38636794.24049013
320,38472935.497055605
322,38605442.681752644
325,38521705.14148742
326,38610190.785315044
328,38519594.51030387
331,38504585.733152576
332,38562902.89682534
334,38522538.59706979
337,38669097.57656139
338,38524101.06374521
340,38479725.65776892
343,38612087.39966073
344,38515545.446864784
346,38525252.097825475
349,38455037.062993765
350,38486424.71243398
352,38598418.39191507
355,38598581.813971065
356,38626080.395471856
358,38579510.426819
361,38420995.99757885
362,38561129.73478841
364,38672642.64562196
367,38477639.58622683
368,38537785.29779019
370,38581526.39647667
373,38664559.55522371
374,38528795.01725061
376,38367536.93705837
379,38555086.38298537
380,38558289.9898751
382,38508178.62942672
385,38549899.10611422
386,38539442.30091368
388,38667675.742138065
391,38495349.023847446
392,38612542.795346014
394,38685525.464737445
397,38564934.10371677
398,38569193.7404934
400,38498327.835703984
403,38421282.33956235
404,38565393.31353388
406,38725746.728655554
409,38565629.19229253
410,38457087.95803154
412,38581492.957494654
415,38502666.6161378
416,38525827.080612
418,38716634.9227158
421,38434554.334453836
422,38545692.54527458
424,38570640.107062116
427,38693688.05156696
428,38532550.611539714
430,38372200.670245126
433,38598679.02433728
434,38608351.541465424
436,38512917.18758325
439,38546542.8017256
440,38473761.15878074
442,38489420.24953766
445,38558578.70698547
446,38621374.19765141
448,38570945.058795765
451,38505513.621285155
452,38547513.48096998
454,38469963.06673365
457,38511938.7354634
458,38530261.47718398
460,38449500.72662421
463,38559706.61658062
464,38609932.471579015
466,38501580.24666328
469,38446381.880580775
470,38552544.42374108
472,38611181.85375055
475,38396512.36107885
476,38506849.7171114
478,38531786.669799626
481,38623715.687570825
482,38540480.47052877
484,38493457.319115646
487,38706986.14580439
488,38424642.271912634
490,38535098.475426994
493,38563540.23019218
494,38516759.27393914
496,38417216.938676156
499,38575003.995212965
500,38567341.79811029
502,38530361.35574477
505,38498313.15412675
506,38600211.24009013
508,38614970.86247478
511,38588369.51897239
512,38491087.46542961
514,38572276.05584951
517,38637509.42728735
518,38591855.752286166
520,38531883.69061791
523,38504394.326247476
524,38501032.36847329
526,38486063.98498677
529,38767015.66231145
530,38381696.73481025
532,38567932.937569015
535,38606976.77722726
536,38587616.7443972
538,38531084.53659182
541,38450004.260709204
542,38544745.21115625
544,38407540.581082836
547,38584656.440535426
548,38631658.89100407
550,38584611.87553241
553,38494726.31997412
554,38512518.37864236
556,38499358.2721669
559,38499424.86923054
560,38610190.27973377
562,38533054.8809298
565,38509608.16028555
566,38525756.67854912
568,38558452.6025099
571,38497348.620310396
572,38529784.88361865
574,38587171.19803309
577,38538109.2759386
578,38489797.50792267
580,38665663.66592822
583,38586141.03235515
584,38605159.86607328
586,38574918.269425556
589,38523958.299487926
590,38629790.46186155
592,38482691.06704317
595,38450772.83333751
596,38499209.41160016
598,38557955.58265865
601,38501312.063449405
602,38557390.74923638
604,38610530.41853836
607,38513993.164549336
608,38498843.28223645
610,38677098.01857767
613,38550137.68710327
614,38553958.64330602
616,38640188.23259522
619,38406201.21654546
620,38618863.839097716
622,38492850.724964455
625,38555947.96310896
626,38465490.9106708
628,38601016.42684413
631,38572566.66066643
632,38673864.80661357
634,38534651.47718946
637,38479550.0940432
638,38539427.38854399
640,38544740.67369625
643,38507263.86879641
644,38450958.060574815
646,38560156.655553564
649,38534575.879183464
650,38678984.31637797
652,38457873.479476236
655,38521224.860799834
656,38635513.426588885
658,38498716.17124646
661,38523706.91876595
662,38415938.06591963
664,38475943.003046155
667,38502384.41388746
668,38657245.27576297
670,38500190.344944276
673,38554131.48450122
674,38519527.83076829
676,38552706.08702204
679,38588343.805444695
680,38485364.78061007
682,38572954.369865075
685,38505894.95851803
686,38399058.97732988
688,38523540.30229974
691,38557476.55342755
692,38564559.0346859
694,38371956.06924866
697,38609131.67152075
698,38579200.26937877
700,38598166.42901916
703,38611792.25009436
704,38489639.446849905
706,38561919.5476619
709,38596339.77089715
710,38417785.54493536
712,38497900.07258824
715,38518752.91497686
716,38575623.986149944
718,38522604.55997517
721,38440397.30362151
722,38554750.84153434
724,38540552.48738545
727,38513696.21779854
728,38555812.09896733
730,38536572.761190794
733,38561386.3589992
734,38416554.74566399
736,38460153.20722038
739,38555087.14026473
740,38421602.262946956
742,38649270.54702372
745,38645089.44229114
746,38604746.66672753
748,38578133.73519762
751,38571013.23588759
752,38459081.81218718
754,38564969.1562976
757,38527647.47794852
758,38500128.68967961
760,38443317.1766865
763,38563578.97495519
764,38596483.599922016
766,38677847.93718543
769,38576702.14293875
770,38414817.78764189
772,38629188.493534334
775,38491646.21242713
776,38570093.661399625
778,38527187.84711048
781,38414149.60094726
782,38572156.42352435
784,38702069.495006934
787,38637711.97496258
788,38433590.374566644
790,38488988.9672134
793,38532528.16865801
794,38557881.923952214
796,38588958.08355259
799,38509424.43254738
800,38567592.72018533
802,38635912.75375584
805,38590293.18058677
806,38439565.875215106
808,38602221.472056925
811,38559462.57220854
812,38527490.04380919
814,38685741.57281065
817,38609463.035742395
818,38431196.15882827
820,38471923.28433772
823,38656422.066539474
824,38572553.125767134
826,38640774.3653656
829,38641048.18970067
830,38556236.78316485
832,38560975.01063944
835,38483042.028315604
836,38624572.37833252
838,38488581.74112317
841,38472455.45366921
842,38433236.63440049
844,38538394.324356
847,38624121.82191154
848,38545772.53683577
850,38566573.54795972
853,38576025.38682975
854,38534336.87175078
856,38577324.42695079
859,38556278.014129266
860,38572239.15581671
862,38556917.14205653
865,38632315.613484405
866,38590134.60562111
868,38608697.85644546
871,38552440.91369099
872,38513511.45038771
874,38541688.45774502
877,38545610.915558875
878,38547893.694687106
880,38576894.12255734
883,38447815.79429535
884,38532872.426838994
886,38586511.06486893
889,38506561.91891123
890,38556752.71968976
892,38566936.33744562
895,38568595.9250998
896,38606309.391117826
898,38448399.73710122
901,38678001.54629586
902,38575653.81640495
904,38431858.870632194
907,38442061.54643071
908,38405928.02993538
910,38605581.955117315
913,38571500.59421011
914,38473858.16651598
916,38571496.23454352
919,38559303.51276757
920,38607964.4743344
922,38653514.98797475
925,38558290.11831549
926,38528720.37786905
928,38515335.26103771
931,38607025.63772217
932,38594428.93681174
934,38744204.10571793
937,38519560.88418142
938,38564941.216700375
940,38566555.73066572
943,38691438.45872916
944,38564217.3269739
946,38610803.5026633
949,38465807.23793738
950,38606346.1951286
952,38461294.91567182
955,38484862.60075693
956,38474601.73037185
958,38601524.691559285
961,38525625.20900197
962,38534176.84431941
964,38424449.90690748
967,38632873.51824228
968,38573719.7286118
970,38539942.49672887
973,38493069.71858825
974,38603432.78697796
976,38558421.433688685
979,38489815.86821326
980,38450030.560113795
982,38493952.00834029
985,38421076.517360926
986,38542033.835593104
988,38570573.672047466
991,38581858.732534565
992,38433796.0062806
994,38566308.52302056
997,38569468.09000582
998,38511210.78636028
1000,38561033.97631471
