,941189766.6626835
1,39862624.78031099
2,39835170.926907994
4,39869639.519526236
7,39867580.196438454
8,39935451.21470469
10,39756863.23547201
13,39784059.46749271
14,39974324.85997198
16,39912164.366855524
19,39839198.92700142
20,39926335.30757731
22,40023154.4828101
25,39872880.03461704
26,39829595.615856595
28,39759318.49695345
31,39933325.902495496
32,39897725.578613274
34,39888198.23936514
37,39842956.920248784
38,39893648.00698916
40,39830513.67958728
43,39764494.3789138
44,39842716.062814444
46,39895468.4378213
49,39873000.61299302
50,39970137.75815683
52,39942653.15458617
55,39842711.731669016
56,39905816.37621326
58,39886370.2914096
61,39876579.75454028
62,39954671.176569134
64,39807620.99605628
67,39723658.65351287
68,39829960.808881655
70,39967466.33709548
73,39865884.489823945
74,39814530.65206178
76,39878380.9762183
79,39859987.53186283
80,39787092.48652306
82,39909056.947561756
85,39795606.557557605
86,39750461.756333955
88,39886969.35791787
91,39753582.81869786
92,39823123.89708142
94,39929439.4996539
97,39836884.994352244
98,39853263.67842096
100,39789576.16968627
103,39877743.53086816
104,39894307.200820185
106,39847744.69147839
109,39902670.9172572
110,39968543.23651668
112,39893609.91254093
115,39880360.62640808
116,39869443.4178034
118,39814460.53145805
121,39860200.54301139
122,39961630.378333524
124,39898835.25974081
127,39807947.337834604
128,39945276.575700454
130,39745702.86914998
133,39822718.39911101
134,39736773.17783772
136,39874780.11868391
139,39831587.83411753
140,39780361.75676856
142,39760369.82699916
145,39686647.44012716
146,39823299.760167405
148,39740676.40015853
151,39795328.27920971
152,39902371.72014095
154,39866934.826491825
157,39981867.75404828
158,39798559.05933558
160,39821570.41098513
163,39865482.49332726
164,39814337.08770122
166,39962053.24142011
169,39879152.92881979
170,39783670.87215479
172,39939438.98189277
175,39875427.55806354
176,39806677.97513085
178,39955397.74474929
181,39938328.23161061
182,39916965.942159094
184,39820131.184880175
187,39843045.86412444
188,39794092.154121116
190,39799486.45732101
193,39835908.60408168
194,39940742.44407204
196,39800326.74388145
199,39832296.37927681
200,39864289.40808667
202,39925383.64929103
205,39883229.661958784
206,39948838.721674345
208,39861657.54568185
211,39755364.04783566
212,39868195.48685446
214,39755011.752338275
217,39872636.590627305
218,39846180.43186613
220,39836124.28177315
223,39823001.12278326
224,39941517.86244414
226,39793676.39662439
229,39824825.56842599
230,39927620.43518951
232,39916216.01307675
235,39911525.518199585
236,39947153.95859123
238,39801527.96380257
241,39909517.2364479
242,39806231.81629596
244,39801324.770723835
247,39873435.30086761
248,39881862.32844311
250,39887488.35243255
253,39838038.60039433
254,39812487.047741726
256,39798680.18095779
259,39877626.40396871
260,39882668.51531802
262,39819878.75516157
265,39954511.036216624
266,39939751.25700103
268,39890859.10090347
271,39786245.913534544
272,39774806.305010565
274,39793223.69436036
277,39750296.18039353
278,39851571.297732696
280,39888761.72365401
283,39954613.67265376
284,39942741.72706773
286,39935427.459497996
289,39946599.25834966
290,39860790.6488527
292,39837532.39043409
295,39880351.787051305
296,39874555.55309911
298,39952663.71163836
301,39896439.050937764
302,39865406.911237545
304,39813586.498643324
307,39862014.56053828
308,39826331.17605796
310,39812703.726174824
313,39808321.11527447
314,39859135.38712471
316,39827649.50498773
319,39932238.00513434
320,39814047.9874
322,39917917.14548952
325,39841977.23540001
326,39921489.19745444
328,39827641.05127921
331,39833422.126720704
332,39912254.143692754
334,39860238.507692516
337,39968763.230072565
338,39812699.017423294
340,39809692.6836148
343,39915830.30108326
344,39795482.00719966
346,39882836.151699804
349,39792602.55354202
350,39806994.02907601
352,39929618.42431518
355,39924367.93107191
356,39942321.72270242
358,39909025.092378944
361,39735094.474404536
362,39874025.65869557
364,39987144.300400995
367,39778554.520595096
368,39891927.50804128
370,39851479.058378115
373,39986052.84131357
374,39858728.01413666
376,39686751.488136634
379,39842221.68284723
380,39873369.3885038
382,39787021.82593325
385,39869097.459146105
386,39811169.19041292
388,39964772.76521494
391,39841667.33600353
392,39916620.0696297
394,39969842.405146316
397,39867482.517703675
398,39877157.93434674
400,39802501.652663715
403,39739449.134492576
404,39879746.99455939
406,40020488.7601724
409,39871742.12805951
410,39795594.6895336
412,39904081.52420989
415,39821411.40977237
416,39834941.03641836
418,40023021.575343505
421,39766054.27899418
422,39850675.40158044
424,39865564.5710326
427,39991633.48241905
428,39860194.68328166
430,39686225.60205725
433,39928444.370805256
434,39933220.05716259
436,39829422.75141012
439,39862548.36261256
440,39781822.78536049
442,39800020.801252276
445,39911776.290229455
446,39949007.12384573
448,39882315.04135645
451,39822533.13077829
452,39881431.96233452
454,39785520.08843562
457,39843736.61221884
458,39862340.31804885
460,39807566.28806161
463,39870384.97992599
464,39954942.0238009
466,39818032.94782794
469,39803178.69870781
470,39877500.55735911
472,39912506.87577034
475,39739912.44353659
476,39850538.917213
478,39848895.530679464
481,39944064.33559331
482,39876539.32718824
484,39822448.83612577
487,40007491.89778515
488,39743864.35366057
490,39838787.96029889
493,39887671.232000686
494,39832606.40408962
496,39757751.85211551
499,39887161.1407828
500,39911828.90783093
502,39876567.95380008
505,39800996.427707165
506,39914253.10073635
508,39953418.50296396
511,39915784.687953874
512,39809156.43380795
514,39853551.152821004
517,39953212.51198185
518,39891189.073848836
520,39832412.52369857
523,39840031.80901888
524,39817206.14335119
526,39797516.31956137
529,40063765.320681594
530,39698616.51128509
532,39899633.15080143
535,39909287.21800859
536,39875170.204957515
538,39840146.40757553
541,39774088.49763064
542,39858969.7446767
544,39724544.35296879
547,39894563.30679737
548,39960444.33238453
550,39922935.61678933
553,39847646.59595463
554,39867543.32560269
556,39840934.640657
559,39803071.61498154
560,39913254.24686129
562,39858777.886849105
565,39789817.18316351
566,39852249.31828337
568,39853450.9359435
571,39842891.74577343
572,39807344.55224581
574,39904413.80416778
577,39834486.25854734
578,39812797.22502084
580,40007303.950062215
583,39929388.82383459
584,39903773.54003232
586,39875758.92640494
589,39820735.92405948
590,39923206.94748377
592,39812791.86736832
595,39757106.012434
596,39815638.01317601
598,39866326.517765485
601,39850002.722266525
602,39894202.58831229
604,39909559.887050524
607,39820486.73072311
608,39841018.800622724
610,40006949.29847488
613,39864671.51704926
614,39888546.864358336
616,39969480.12665284
619,39739006.73321815
620,39914208.68860677
622,39811026.05857138
625,39884173.11820611
626,39772884.55477955
628,39935538.62023681
631,39919113.77040307
632,39967514.643234834
634,39832601.644820236
637,39802193.33178981
638,39884921.25738338
640,39862657.279400826
643,39864259.39830334
644,39738949.98300642
646,39894296.76985807
649,39817953.38910439
650,40022273.58014745
652,39780863.9426544
655,39848579.092929065
656,39977258.81974472
658,39822845.80641284
661,39852082.41516319
662,39695921.63903325
664,39792202.42519475
667,39830286.80590132
668,39981608.475751705
670,39820612.17841205
673,39887701.58587847
674,39869868.20972159
676,39822112.13796269
679,39916697.920518264
680,39837342.52462844
682,39863612.45246178
685,39830319.85491407
686,39690425.58362918
688,39885447.42196082
691,39864084.0216529
692,39911923.9316876
694,39708211.63821397
697,39950046.27229921
698,39865835.45882667
700,39907135.699694395
703,39921501.960489735
704,39839831.30132042
706,39882490.682610184
709,39883004.16535723
710,39713367.45933043
712,39855451.75337206
715,39819637.37170643
716,39873630.76687009
718,39846157.09467448
721,39799684.224393725
722,39868330.35031763
724,39861669.79825228
727,39829981.91817268
728,39880270.79962742
730,39818514.13795164
733,39910624.85264104
734,39740061.43885571
736,39804365.2903488
739,39839854.397326134
740,39758449.05951563
742,39977610.16791044
745,39945449.422392406
746,39911856.285018474
748,39879494.68905569
751,39913734.36147692
752,39765489.25156188
754,39907985.805816084
757,39870405.937153846
758,39807306.59553356
760,39804621.37228805
763,39841694.0816587
764,39932707.841157615
766,40009682.89544857
769,39872502.136146106
770,39694034.09317959
772,39982980.51638927
775,39793519.22214258
776,39859104.103504464
778,39840424.44391505
781,39761711.4389059
782,39890698.043715715
784,40011600.061399035
787,39965798.39761107
788,39723467.80032404
790,39820336.06010957
793,39810866.54768368
794,39853067.6522231
796,39911434.134371296
799,39864699.70258411
800,39910143.01433479
802,39936339.855206944
805,39876131.34716995
806,39768626.91973028
808,39947347.96195614
811,39834474.77324723
812,39818158.06676113
814,39971541.168689765
817,39948656.07895575
818,39753621.67737838
820,39797822.81671184
823,39941352.942825675
824,39895085.722468525
826,39935838.81136825
829,39911508.40083115
830,39895150.154626906
832,39903198.14753434
835,39842735.6654139
836,39943407.903409354
838,39769956.3280753
841,39793428.69925546
842,39787072.28606556
844,39854637.79954053
847,39922946.09144918
848,39876909.21449613
850,39844532.13302304
853,39887580.80240485
854,39840188.74347377
856,39915240.091761194
859,39856429.79116259
860,39881238.73364759
862,39861495.59425557
865,39928434.28959378
866,39888558.98365378
868,39902816.66383602
871,39853513.73589592
872,39817039.19039297
874,39868460.805645935
877,39853254.292776376
878,39853127.003031135
880,39848700.23912307
883,39797326.62905387
884,39870312.397054486
886,39892648.146432765
889,39816025.68776988
890,39908269.041172676
892,39872976.78483641
895,39877662.560876265
896,39880897.054467395
898,39756728.618712254
901,40001427.19127185
902,39883157.07461466
904,39768681.98887556
907,39767693.59806466
908,39757460.39593818
910,39917177.26289511
913,39860859.692575045
914,39817668.02017159
916,39907980.12206614
919,39870635.460864685
920,39926733.70391462
922,39941735.110564515
925,39905231.42566545
926,39841370.33090713
928,39827062.075202174
931,39879480.28956771
932,39904724.448107526
934,40046943.336228415
937,39835850.45417947
938,39846284.49095377
940,39875759.80010392
943,39967323.60030355
944,39856592.09686969
946,39935252.031530224
949,39746841.231921524
950,39921705.55182589
952,39780264.86681186
955,39820343.9166639
956,39777321.810858965
958,39957748.62463326
961,39828980.686422326
962,39863979.25842627
964,39750374.1799949
967,39931479.90834112
968,39842634.49777516
970,39861405.3869459
973,39852644.425258756
974,39907327.49188922
976,39851499.39492157
979,39849257.86011636
980,39796453.75534132
982,39811042.51545679
985,39692761.308533296
986,39851066.754707836
988,39870416.53355003
991,39909807.27829689
992,39779214.45535998
994,39892215.47350885
997,39870413.98385773
998,39824717.509147674
1000,39921085.478031814
