,77.98652275398852
1,81.63017024476159
10,81.69211045174721
100,81.76348657858509
1000,78.42679481457371
103,79.85216970524914
104,81.03213622416754
106,78.54220629519163
109,81.5679066104083
110,79.19087328453814
115,78.49398586243254
116,81.52993140982096
121,81.64322556202664
122,81.18634434943652
124,81.84877423863324
128,81.49185837368613
13,78.77738370404462
130,79.62824478424076
133,81.755294321558
136,81.79648392856689
139,81.93202609149273
14,80.25560965153421
140,79.51967830378534
142,81.94973474281532
145,79.32479927316427
146,78.09136992395919
148,81.45613490024273
151,78.47654305697534
152,79.91444875330932
157,81.83127688126444
158,79.53062695268163
16,81.81650887870673
160,81.14923171692575
163,79.0948313381488
164,78.01532771328796
166,79.03453664025446
169,78.18942501561921
170,81.19363890960375
175,81.82070980499252
176,79.24448859069554
178,78.97287819582928
181,81.45116621934183
182,78.05407019900032
184,81.4247683710289
187,79.77655723724055
188,81.59231751132984
19,81.9353165936384
190,81.81158188102992
193,78.7194449459152
194,78.39357455209196
196,79.31902417378281
2,81.65126758422686
20,81.40012205201867
200,78.43625915904698
202,81.22039758023175
205,81.88792398991876
206,79.92889431934361
211,77.92987063621196
212,78.44170575769469
217,77.8470511157883
218,81.62643176424102
22,81.4479954556644
223,78.20676155376366
224,81.526724707092
230,79.13198031308953
232,81.66201852095944
235,81.7281650934315
236,80.22147983997148
238,81.64308635008544
241,80.16143589502391
242,78.68006678880222
244,77.90666553221962
247,81.38907156694651
248,79.61004702730867
250,79.86208200603124
253,81.96302487005289
256,81.13651029000239
259,79.10458912517299
26,81.18241430690288
260,79.96951905445808
262,81.48628935192663
266,81.56438280584575
268,80.06603298022651
271,80.06171790826123
272,79.52801958115008
274,81.58199839414169
277,81.76340934071523
278,81.73771838965119
28,81.32876340435858
280,81.9359838240227
283,81.81900448982614
284,81.76413538264411
286,81.74929245592486
289,79.61492493421854
290,81.41569019985748
292,79.50491784749009
296,77.88267761823512
298,81.52245856931529
301,78.35105590982081
302,81.91527876037476
307,77.96983953625745
308,77.93460768002049
31,81.85418856295854
313,78.07427120334597
314,79.18537981645359
316,82.22811502504106
319,78.89955082980617
32,81.91478876069432
322,79.56367238930561
325,80.0220495651954
326,81.80855574541904
328,81.73501942885188
331,81.6602386255169
332,78.30878361809143
337,81.1445173412246
338,81.74539282012574
34,79.5430786016532
340,78.08488788814616
343,80.96871859142847
344,81.46730746551565
346,80.99861357850732
349,78.33587164017085
350,81.56684707173162
352,79.56698008031582
355,78.2733096667558
356,78.08489296869739
358,81.67534945752985
361,78.14574561475364
362,81.0646793931219
367,79.39885715457926
368,79.80003870664244
37,79.08248988219995
370,81.7939375930788
373,78.19817260950222
374,81.50717710681586
376,81.66792365145876
38,81.75235418517674
380,80.10643506380073
382,78.3561398583058
385,81.51041128312342
386,78.90005027902677
391,78.99303894477357
392,78.01704527193783
394,83.05388023411982
397,81.5296262607841
398,81.68061227171795
4,81.25599535265806
40,78.08915999715265
400,81.70066536361689
403,77.77352062916911
406,81.20073384703569
410,79.37562068890486
416,81.34799813872054
418,79.13268063663973
421,78.1476050325379
422,79.40747210271785
424,79.9751452549118
427,81.72895121832272
428,78.21161230571418
43,81.24423521349718
430,81.68748396339541
433,79.57158726982819
434,79.97357743103179
436,78.01401730812927
439,78.97884738042616
44,81.79193049849792
440,81.63888503380736
442,81.5746567770987
445,81.23969003734005
446,79.88388427836732
451,78.54929747908204
452,81.33038037287774
454,77.64630552291713
457,81.56844767005421
458,80.60335427723659
46,81.41927508681
460,81.47959065052318
463,81.5400068672033
464,79.64804083860514
466,77.76633770024215
469,79.81431392470094
470,80.2054717066459
472,81.73369086657173
475,81.54549293194219
476,81.29526726323913
481,81.13672287789213
482,81.53707518181614
484,78.51598582205052
487,81.5463054805324
488,81.88680887786684
49,79.88297440842523
490,81.64037337664115
493,81.72711707765663
496,81.37727674453576
499,80.45072880577592
50,81.29000014893761
500,81.29739345140607
502,81.79172776554755
505,78.38181649239968
508,81.39679873372138
511,78.59741086649014
512,77.96033953534716
514,81.8485624337343
518,81.56739419438645
52,78.44877583403186
520,81.58016567845519
524,82.01983308019786
530,80.07027244206247
532,77.72217834937334
535,77.80283104851551
536,81.25670183466515
538,81.7650900839455
542,81.32834474544767
544,79.67763699104543
547,80.17039700939318
548,81.76370616012541
55,79.21159031002924
550,77.97909570220246
553,78.0396940573687
554,78.94227058350123
556,81.74987571395677
559,81.86626947310057
56,82.28624168220905
560,81.17629399941589
562,79.47601217278148
566,78.7297625482734
568,79.8905734997896
571,81.61919311073343
572,79.88346002141724
574,81.89135156303325
577,79.04499499169454
578,81.15448772855865
58,79.60638234626963
583,81.5299582234497
584,81.8573251729564
586,81.61367130666949
589,81.73729000167397
590,81.83716387771523
592,81.85029385196461
595,78.04466523467102
596,79.78300559794698
601,81.61343818820436
604,81.79312605793923
607,80.2524062383461
608,80.00008208664573
610,81.32101101813237
613,82.5560624096456
614,78.24874385599476
616,81.57878629355822
619,81.84723610484932
62,82.00680187141023
620,78.57119240937614
625,77.91217587897592
626,81.61308880172619
628,81.8947943921849
632,81.82202662123122
634,81.97196958198114
637,81.39955630610588
638,77.80577233305394
64,81.67190105837895
640,81.47363858192753
643,81.61584808015898
644,79.74677067618062
646,81.43019119842218
649,81.61843410687827
650,78.21416927694881
655,81.3913075240797
656,80.92541575005055
658,81.7856035982084
661,79.32680611666855
662,81.58860170916223
664,81.58120010872193
667,78.4576397134284
668,80.22040028682665
67,79.2942433791042
670,81.99169515319018
673,79.21504942687012
674,82.94325771072245
676,81.68182287043543
679,81.8063605429273
680,82.86163589018116
682,81.65626803712708
685,80.15264983220067
686,81.71146736293117
691,81.6858704780648
692,78.7848867061054
694,77.65355334280538
697,81.83514342680455
698,77.55709214713265
70,81.84438387394935
704,81.53571768506812
706,81.50390251362309
709,81.6870984271259
710,82.04705414900437
712,81.45128458502383
715,78.00326680992318
716,81.97879574669206
721,81.68141874441895
722,81.55775384002305
724,81.84525686644943
727,81.86240169588842
728,81.64126786991471
73,80.09845818961178
730,77.91455811776731
733,81.72168567837065
734,81.7787403161802
736,81.32154463317063
739,81.59841290704729
74,77.86251444782387
740,78.53251380844728
742,78.12549819781304
745,79.40569545718382
746,81.53433117891964
748,80.10203237731963
751,81.81375535378686
752,81.57176784870413
754,82.89548233122055
757,81.61959776547606
758,79.55455080076567
76,77.77962145414065
760,81.56660639830771
763,81.6231057772343
764,79.62891138536077
766,81.97973395832096
769,78.27852996342108
772,81.63705254104705
775,79.38202032892892
776,78.39304683409152
778,79.50239784334946
781,81.44637120644242
784,81.03499342657814
79,79.3614781270413
790,77.99445794380289
793,79.80180557169794
796,81.88479169414306
8,79.10360383618746
80,78.10346511815342
800,78.10921034383259
802,81.57389157236499
805,78.19036934424096
806,79.73821755967094
808,77.98444120445117
811,78.30423988785027
812,81.57117888398236
814,81.72163369012789
817,81.1142414696749
82,81.35284569675649
820,79.13697451730472
823,80.00619715105731
824,81.83119702786053
829,81.75741060997761
830,79.46447388149667
832,77.66437456430461
836,78.31946859916398
838,79.6148257929947
841,78.25554880150327
842,81.53718225822371
844,81.67434666676792
847,79.51509012366185
848,79.81648634101002
85,79.78224883750117
850,80.12455804347259
854,81.48549175133827
856,81.7892685318627
86,78.59251998618215
860,78.26306312046896
862,81.68067515541932
865,79.21275725526593
871,79.84454046250353
872,78.72428756198177
874,81.34731335573312
877,83.170606798381
878,81.60690418175996
88,78.90456925249028
880,81.26239373645089
884,81.55165437842636
886,78.66649428017139
889,78.28635842200494
890,79.05815053769274
896,81.50345929096633
898,78.42444761188469
901,81.80515731610507
902,79.31240842524733
904,79.12639799528394
907,79.2053874720441
908,77.89583790163546
91,80.32523384710125
913,81.6551379451808
914,77.84716680671957
916,81.52128018236519
919,81.48054540592108
92,81.57950200616948
920,81.73039900759626
922,81.93711237400797
925,79.7884067386347
926,81.91056301780779
928,79.2158403676356
931,77.61033386480773
932,82.24033433705883
934,79.87006184267965
937,79.87378614812354
938,81.93632913988343
94,81.76282960768833
940,78.43633211662895
943,77.8190901618132
944,81.65519836783469
946,77.8606432294244
949,79.03853376087073
950,81.46005146327578
952,81.34997130360024
955,78.18099426260531
956,79.75043692727071
958,81.89207790891743
961,81.57497250700834
962,77.95642104410474
964,81.28022460511968
967,81.74314995693467
968,81.26112147120553
97,79.07032617463487
973,79.7773124959909
976,78.75406434299963
979,81.70597574558738
98,79.42757068650984
980,80.62234493220429
982,81.68364048868584
985,81.6133186731529
986,81.67982239106068
988,80.44038682655216
992,81.59842725467216
994,81.79482349916155
997,79.47938321366873
