1 1057059.3145828652
2 1053279.8424960065
4 1037121.5209908091
7 1068880.8208975445
8 1075051.2502762272
10 1023757.8196332345
13 1036657.573433642
14 1041873.7094687093
16 1054601.7887884974
19 1098911.5355261422
20 1061869.5560089506
22 1035001.9392507114
25 1027872.299992836
26 1033536.311193504
28 1065287.0873518176
31 1020720.4904972744
32 1059649.085145885
34 1026822.0171668194
37 986133.8171439933
38 1028489.3986568624
40 1000684.821156779
43 1050706.4100727313
44 992087.8378091642
46 1071989.1843341955
49 997284.6653411041
50 975695.9468009614
52 997127.0970216023
55 1050524.303664099
56 1077281.7205744388
58 985434.2005978026
61 1004626.8883213133
62 1041324.112327912
64 1012462.0048272135
67 1065326.5758735752
68 1053511.8890766094
70 994827.0129890239
73 1034390.409216179
74 1021105.711325445
76 1031893.0871085332
79 1065699.4031118192
80 1000464.375935666
82 1002598.8271920984
85 1021114.2135898232
86 1062032.9136719971
88 1047868.2255714716
91 1065715.9689487366
92 1013679.5599820903
94 1042936.6970895485
97 1066138.7305054734
98 1061636.9006343465
100 1012509.9043007108
103 1022877.785512091
104 1004336.7902980985
106 983417.7489334348
109 1042248.5371688616
110 1013283.0385140944
112 1041191.8774786891
115 1023839.7636416318
116 988424.4893680698
118 1070037.2447700475
121 1045640.2379759644
122 1021769.475693551
124 1052688.7455526355
127 1045644.4880688495
128 1013239.1987374732
130 1055130.9861402044
133 1047669.7747850375
134 1028061.1444423622
136 1070846.5267025502
139 988554.6327455101
140 1038176.2019174732
142 1048734.782393118
145 1013860.0858400273
146 1032592.9877222723
148 1059910.0894667662
151 1061047.4843357382
152 972075.1148646451
154 1092756.2717099863
157 1036709.9176036526
158 1029361.2456606753
160 988349.6037266685
163 1050696.930026147
164 984306.869849769
166 993743.1507151333
169 988103.4449479871
170 1032922.9595443403
172 1059844.9877756066
175 1007538.5054404619
176 1045380.4382336371
178 1006094.5518411038
181 1035643.4924560387
182 1058434.4066726563
184 1039491.7382287835
187 1064338.911231903
188 1056490.7145883343
190 1024152.050307252
193 1064290.2717686258
194 1048951.6513263893
196 1040317.3439401429
199 1036320.9591659298
200 1011098.9837324796
202 1036632.641006406
205 1015411.9122072647
206 1029266.7640483849
208 1072435.1073983447
211 1048714.6439944326
212 1024733.3247254487
214 1091113.446544499
217 1002912.3331469777
218 1097169.6673188363
220 1075191.912902133
223 1075924.6784850415
224 987261.7240247708
226 1046546.9281033721
229 997069.63406249
230 1002835.4890974623
232 1032676.3080339779
235 1042895.9358236109
236 1050431.9648434212
238 980660.6708107832
241 1064647.342755237
242 1001031.6344467751
244 1063730.8907608418
247 1041114.8472004663
248 1067192.0670905071
250 1059924.143868886
253 992759.9695306041
254 1054572.9143240303
256 1052697.8748199278
259 1060004.0079719012
260 1068695.139517155
262 964217.5152107902
265 1081041.589274169
266 1050077.4931137774
268 1042326.9999549863
271 1026311.2453900984
272 1042799.3428721299
274 1069956.730326083
277 1018977.2302588983
278 1050987.91673524
280 1021134.7066650338
283 1067590.9983182927
284 1031467.9705596569
286 1039107.6743515728
289 1053840.8955337717
290 1029282.7011447294
292 1036021.0230941758
295 1041443.66479159
296 995714.523405416
298 1052291.7528740282
301 1082078.6047427405
302 1057468.0719132156
304 1034524.3240162303
307 1060200.0943090764
308 1012997.3823455275
310 1116973.9675671228
313 1006679.5415008962
314 999500.3906277168
316 997042.5506144384
319 974635.0677927115
320 1061662.06820417
322 1115822.7976550236
325 1033719.0660032019
326 1019498.885769327
328 1039913.7994482217
331 1101388.2738441061
332 1042135.5904550526
334 1033290.4523031039
337 1106389.1086416396
338 987373.8978818349
340 1060291.7186072213
343 1030162.1043632942
344 1040242.6554897822
346 1028134.5630270898
349 1081276.6613206372
350 1014276.2466287322
352 1027434.1435487032
355 1030204.9292830394
356 1031011.2673528502
358 1099518.4744349362
361 996595.3951648229
362 1136776.7076387468
364 1004617.1814897755
367 1020599.8514783264
368 1057724.6447214852
370 1060734.1590070787
373 1018361.123790053
374 1043772.0850646415
376 1014631.6364869117
379 978300.5680749415
380 1054326.851825086
382 1043562.141388342
385 1076708.8871560085
386 1025693.389542121
388 1059558.206544356
391 1008212.8703603321
392 1020713.9366884717
394 1054173.3599150577
397 1015740.4830083441
398 1030493.9544287911
400 1048806.8223876848
403 1038203.5153585966
404 1071291.2991512422
406 1108160.3187265731
409 1063455.42596558
410 994630.0700986539
412 1054405.4513358036
415 1066745.3687657656
416 1041038.0566682048
418 1031729.7892410117
421 1010678.5525272861
422 1008879.5069110866
424 1059666.0123508447
427 1065129.910557514
428 1027929.515458418
430 1086956.0952239246
433 1049155.7051741807
434 1048673.1762135208
436 1054485.6709479433
439 1030285.0187143002
440 1063654.1204194457
442 1004953.8337683441
445 976723.3321759917
446 1004265.4723441821
448 1097400.3324284244
451 1066294.4917302642
452 1070635.981830391
454 1017088.9567427455
457 1024515.9801872922
458 1019939.9610864163
460 1076243.2165131657
463 994509.7887584643
464 1080329.2620957284
466 1026060.8734784366
469 1067041.001317563
470 1002367.8828355316
472 1027520.2372024365
475 1003306.8566522239
476 1043238.6300740712
478 1014332.607728975
481 977495.8170183775
482 994121.2997097932
484 980603.1462312746
487 1073312.7428527449
488 1025284.5217612685
490 1016425.9222572861
493 1045323.3834846423
494 984191.1690980536
496 1001988.706703034
499 1034097.467557744
500 1045967.7899355268
502 1119892.1065228046
505 997046.5626887352
506 1034927.070770048
508 1096370.7914713537
511 1051327.9043583137
512 1014519.7391356906
514 1064974.5794669825
517 972517.3233413037
518 1057110.5887939923
520 914922.6995798219
523 1041911.3483949847
524 1054992.325042035
526 1032785.8288284296
529 989784.0600112907
530 995586.1285647058
532 1059222.4906238085
535 1029030.7113534196
536 995566.8944478006
538 1077941.3186153497
541 1036868.2600073563
542 1069294.5580494595
544 1061604.2053489522
547 1065238.6824499948
548 1073018.0129382594
550 1041858.4255203558
553 1058028.7608334264
554 1043398.3004931806
556 1053704.2661157125
559 1013763.553452349
560 968348.7992881635
562 1026827.0690894432
565 1081161.2648134953
566 1084650.3969863306
568 1039711.2775713454
571 1034374.5213187705
572 1023494.89918492
574 1043749.7558518682
577 1036050.1982806165
578 1045387.6783357606
580 1098117.7585547008
583 972317.3795600601
584 1057397.2743969145
586 1019015.5459760623
589 1044965.717499475
590 1028945.316009119
592 1054649.6356352842
595 972370.7855196532
596 1068612.477158825
598 1085552.2732435123
601 1025079.712279586
602 1037758.4422866562
604 1032487.2019754885
607 1076015.2137972065
608 1033942.992494524
610 1069221.1629502182
613 1018639.179998714
614 1047530.9085323119
616 1027461.524962509
619 1004168.901781927
620 1021591.2144995278
622 1051216.3211351533
625 1085646.6833716205
626 993757.6790066652
628 1005048.5656211271
631 1026620.1767489617
632 1084914.7045819948
634 998363.0734288825
637 1133351.5537923712
638 993572.23462847
640 1059305.179530115
643 1040945.6376295529
644 1077470.8779696564
646 1014567.0852286512
649 1024368.9930780753
650 1017223.9925793149
652 1037611.2876044256
655 1070765.4788887217
656 995007.7515565584
658 1066596.6286627233
661 1043861.7474697813
662 1046092.7070584409
664 1067917.7808755054
667 1040934.5304303411
668 993543.0140913923
670 1080412.1982350117
673 1018001.787724052
674 1012220.6664326002
676 1056637.5976026566
679 1020884.9036535451
680 959401.5597678135
682 1045410.2773883732
685 1039764.0400272502
686 1011390.1255827833
688 1006240.5485413634
691 1044791.99346169
692 1078888.9906916034
694 1043455.1724867866
697 1067238.188079102
698 1075958.881400878
700 1085447.3351962944
703 1042566.1253294137
704 1038691.7639342776
706 1061379.1256438142
709 1037982.8405496734
710 1039922.0995307289
712 992856.2639683201
715 1045210.2303054206
716 1041942.8901464175
718 956444.2461367673
721 1029606.6242750293
722 1045641.6733493829
724 1030740.5951796832
727 1038601.2780097341
728 1061751.3177923786
730 1015708.0924455596
733 1035921.178287657
734 1072470.8754022673
736 994920.0328679836
739 1072878.411636564
740 1018595.5126658804
742 1028713.904138858
745 992223.3401677338
746 1062037.3506321723
748 1040659.1587636627
751 1047416.2275347624
752 1105334.400903824
754 1042246.612894516
757 1032103.3150355491
758 1062455.4368912594
760 1019431.286080843
763 1009653.0209698668
764 1056321.4030039795
766 1092630.2092739227
769 1040070.5385398216
770 1028134.7797043489
772 1020495.3195532009
775 1097728.328770701
776 1059478.6154616047
778 1065896.4695920758
781 989755.0541005931
782 1011982.5980376244
784 968211.6799762268
787 1051638.9824782072
788 1041170.2339307131
790 1043904.4385484558
793 1080042.810042375
794 1067593.5570091002
796 1050739.4407457237
799 996755.5158736666
800 1016083.7116740744
802 996502.8935820458
805 1085984.6269615497
806 1076926.9530360587
808 1073450.6395230885
811 1003073.5875188526
812 1018032.9045991127
814 1020326.2616624576
817 1057497.067954275
818 1046313.8496568232
820 1064040.1114082667
823 1068692.5710965835
824 1038616.436425221
826 1014231.8877989561
829 1040761.9902553622
830 1029791.0499287281
832 959515.5617901614
835 999918.1038991117
836 985879.6291918328
838 1074296.4315401884
841 1016830.1392669106
842 1073672.8361842819
844 1039872.5784948722
847 1076735.9109456523
848 1004989.041245055
850 1012424.5654916131
853 1045198.615788055
854 1012487.8539416128
856 982700.9131398853
859 1043652.8293537764
860 1010154.1139430397
862 989927.8258427349
865 1036259.7777410839
866 1058429.9983048826
868 1062920.343056159
871 1012015.7908097368
872 1041157.1783829572
874 998759.007158245
877 1017312.7870746513
878 1041112.0642204242
880 1027203.3505032198
883 1006851.3199500387
884 1010789.9155728678
886 1017348.8712738475
889 1090804.6233972588
890 1035346.7423291156
892 1000181.4861540826
895 1031424.8905817923
896 1025060.8872211216
898 1038100.4310747585
901 1018512.8897821491
902 990484.5112083352
904 1037905.8852604246
907 1020334.4157183878
908 1009790.5101795283
910 977811.8638924911
913 991868.6533711897
914 1026130.9209058385
916 1037598.3163161653
919 1063256.7622097111
920 994324.5590129464
922 1061736.8635165521
925 1071993.6616897667
926 1030532.9050922848
928 1012952.2506912422
931 1020796.4785195522
932 1047311.5275939116
934 1000970.361917479
937 1050215.9855828718
938 1079341.0708259866
940 1058341.3407121701
943 1042684.8111424197
944 1061697.6041066265
946 1076146.7401164365
949 1016264.8916661091
950 1055539.1628879807
952 1024572.0078027884
955 1026715.4026783401
956 1048130.1703256865
958 1021177.2766566975
961 1021669.2640723167
962 1030010.225063659
964 1053343.6040655123
967 994523.4109436122
968 1060712.4776986449
970 1003474.4966315578
973 1051675.649200386
974 1048795.2900536612
976 1063175.07839785
979 1006068.3009297499
980 988045.6865858695
982 987043.232310196
985 1023475.045614263
986 1039159.4207613735
988 1054320.0698991076
991 985459.704822001
992 1064438.0395733484
994 1065175.6652807947
997 1068994.8780724027
998 1002719.4373881061
1000 1078551.6970185298