1995    318261822.72604096
1996    313004540.6590819
1997    313978743.24675786
1998    334518681.48744094
1999    327296872.27633584
2000    326574833.9080214
2001    323599677.79211986
2002    311592326.2368738
2003    370972524.6827602
2004    417255905.5661677
2005    401444581.17370594
2006    434637335.42790407
2007    422991109.7952603
2008    379807609.34870833
2009    390857658.03347814
2010    373210109.07804954
2011    338433903.467059
2012    357659147.05492246
2013    371340389.91299856
2014    334710069.6536778
2015    347252179.59191793
2016    348036141.6878818