1995    3412557312.1523905
1996    3389634627.5933614
1997    3488715729.6823487
1998    3324175269.903539
1999    3558416448.7574086
2000    3599540638.2151356
2001    3723963519.942163
2002    3388950621.8918552
2003    4105955042.806565
2004    4510171161.439013
2005    4476817086.058234
2006    4530691405.170856
2007    4719994592.024277
2008    4369399971.442389
2009    4217594374.8546944
2010    4047915755.2385435
2011    3935087202.9190054
2012    3937812704.288052
2013    3967866496.912562
2014    3633536330.699353
2015    3734844415.9022803
2016    3650133793.7583313