1995    613177660.9753727
1996    618657885.7293962
1997    654066171.975529
1998    609123145.8419858
1999    648834354.9742101
2000    677627329.306936
2001    671721227.4744629
2002    658843009.0508459
2003    757860909.2390535
2004    827901889.0409467
2005    862388692.3309562
2006    910398194.7975633
2007    852921307.4511048
2008    815898772.5573776
2009    838791253.009021
2010    813838583.1366953
2011    689408306.7087172
2012    727845368.9308046
2013    749729702.5226294
2014    677244220.6647633
2015    703850897.2713468
2016    666422763.9513371