1995    206522287.13355654
1996    210208180.49268717
1997    208737193.14258096
1998    211010309.14056295
1999    199837546.13350624
2000    223755130.87583774
2001    233481394.67282882
2002    208732382.8426599
2003    209832887.48893732
2004    296138874.09410465
2005    246073342.65428776
2006    257057492.98412797
2007    313001223.87970084
2008    250748857.53124946
2009    198170446.96587318
2010    254589604.85076895
2011    226096374.92299074
2012    212627824.6700048
2013    239041103.35350028
2014    231370238.10489172
2015    242853064.0899538
2016    216578850.27694696