1995    75746368.3413267
1996    57321966.72606467
1997    61336975.62947868
1998    71654017.52042769
1999    63683481.42337798
2000    77229534.98349783
2001    70909834.56745145
2002    56557166.17140768
2003    102907241.96226594
2004    97108674.67637058
2005    99528685.75602767
2006    93100227.22460029
2007    101928139.05181882
2008    87551969.06548737
2009    89919220.83246705
2010    75570317.40522382
2011    88356097.1682429
2012    84402601.26322505
2013    86044626.99422835
2014    83475540.29586908
2015    76428706.18858336
2016    80409308.1514239