706, 1134784.9999999998540
130, 1093331.6666666665260
128, 1063796.1666666665298
290, 1036333.3333333332000
961, 1036333.3333333332000
994, 1037887.8333333331998
638, 1095404.3333333331924
418, 1036851.4999999998666
769, 1045660.3333333331988
32, 1113540.1666666665234
770, 1055505.4999999998642
476, 1058096.3333333331972
578, 1061723.4999999998634
385, 1093849.8333333331926
926, 1061723.4999999998634
608, 1078304.8333333331946
898, 1063796.1666666665298
643, 1094367.9999999998592
547, 1087113.6666666665268
259, 1085040.9999999998604
194, 1106285.8333333331910
739, 1095922.4999999998590
544, 1052914.6666666665312
835, 1111985.6666666665236
94, 1080895.6666666665276
482, 1075713.9999999998616
67, 1091258.9999999998596
163, 1067423.3333333331960
34, 1081931.9999999998608
448, 1114576.4999999998566
931, 1085559.1666666665270
862, 1108358.4999999998574
164, 1064832.4999999998630
196, 1078822.9999999998612
866, 1068459.6666666665292
260, 1010424.9999999998700
451, 1062241.6666666665300
836, 1038924.1666666665330
416, 1076232.1666666665282
740, 1084004.6666666665272
355, 1124421.6666666665220
2, 1078822.9999999998612
68, 1062759.8333333331966
772, 1073641.3333333331952
352, 1052396.4999999998646
386, 1079341.1666666665278
868, 1020788.3333333332020
229, 1062759.8333333331966
805, 1050841.9999999998648
709, 1067423.3333333331960
964, 1071568.6666666665288
613, 1066386.9999999998628
674, 1068977.8333333331958
517, 1086077.3333333331936
224, 1039960.4999999998662
580, 1118721.8333333331894
901, 1062241.6666666665300
133, 1055505.4999999998642
4, 1043069.4999999998658
610, 1073123.1666666665286
37, 1096958.8333333331922
512, 1031151.6666666665340
166, 1078304.8333333331946
262, 1060168.9999999998636
292, 1075713.9999999998616
38, 1102658.6666666665248
325, 1063796.1666666665298
518, 1119239.9999999998560
322, 1059650.8333333331970
326, 1061205.3333333331968
997, 1094886.1666666665258
452, 1036333.3333333332000
614, 1060168.9999999998636
800, 1060168.9999999998636
646, 1037369.6666666665332
421, 1058096.3333333331972
962, 1107840.3333333331908
484, 1057059.9999999998640
550, 1083486.4999999998606
295, 1018197.4999999998690
775, 1046178.4999999998654
487, 1093849.8333333331926
422, 1040996.8333333331994
967, 1081931.9999999998608
736, 1060168.9999999998636
356, 1069495.9999999998624
871, 1044105.8333333331990
226, 1079859.3333333331944
998, 1073641.3333333331952
391, 1027524.4999999998678
583, 1062759.8333333331966
358, 1067423.3333333331960
100, 1062241.6666666665300
199, 1060687.1666666665302
802, 1090740.8333333331930
776, 1094367.9999999998592
520, 1037369.6666666665332
454, 1025451.8333333332014
424, 1076232.1666666665282
103, 1059650.8333333331970
584, 1045660.3333333331988
644, 1068459.6666666665292
488, 1052914.6666666665312
7, 1025969.9999999998680
838, 1047214.8333333331986
712, 1076232.1666666665282
514, 1043069.4999999998658
232, 1089704.4999999998598
679, 1090740.8333333331930
388, 1043587.6666666665324
134, 1074159.4999999998618
392, 1051878.3333333331980
553, 1048251.1666666665318
73, 1088149.9999999998600
457, 1072086.8333333331954
8, 1048769.3333333331984
745, 1059132.6666666665304
98, 1067423.3333333331960
742, 1058096.3333333331972
265, 1090222.6666666665264
676, 1038405.9999999998664
136, 1076232.1666666665282
841, 1050323.8333333331982
937, 1102658.6666666665248
1000, 1031151.6666666665340
902, 1073123.1666666665286
169, 1010424.9999999998700
932, 1024415.4999999998682
362, 1074677.6666666665284
554, 1047732.9999999998652
904, 1073123.1666666665286
874, 1050323.8333333331982
649, 1039960.4999999998662
938, 1092295.3333333331928
70, 1079859.3333333331944
458, 1040478.6666666665328
361, 1043587.6666666665324
40, 1042551.3333333331992
170, 1052396.4999999998646
548, 1060168.9999999998636
202, 1061205.3333333331968
710, 1053950.9999999998644
872, 1108358.4999999998574
394, 1084004.6666666665272
235, 1062241.6666666665300
523, 1051360.1666666665314
907, 1090740.8333333331930
298, 1122348.9999999998556
619, 1025969.9999999998680
104, 1065868.8333333331962
331, 1039960.4999999998662
806, 1022860.9999999998684
682, 1093331.6666666665260
715, 1100067.8333333331918
427, 1050841.9999999998648
74, 1101104.1666666665250
328, 1087631.8333333331934
811, 1044105.8333333331990
934, 1083486.4999999998606
460, 1074677.6666666665284
428, 1075713.9999999998616
650, 1041514.9999999998660
844, 1058614.4999999998638
43, 1072086.8333333331954
652, 1067423.3333333331960
616, 1062759.8333333331966
812, 1071568.6666666665288
139, 1084522.8333333331938
490, 1057059.9999999998640
332, 1094886.1666666665258
230, 1074677.6666666665284
268, 1106285.8333333331910
200, 1061205.3333333331968
266, 1096440.6666666665256
716, 1099031.4999999998586
973, 1039442.3333333331996
685, 1010943.1666666665366
589, 1111985.6666666665236
172, 1105249.4999999998578
301, 1079859.3333333331944
778, 1092813.4999999998594
877, 1038405.9999999998664
296, 1075713.9999999998616
908, 1082968.3333333331940
205, 1016642.9999999998692
397, 1056023.6666666665308
524, 1044105.8333333331990
746, 1068977.8333333331958
781, 1085559.1666666665270
808, 1072086.8333333331954
206, 1119239.9999999998560
622, 1073123.1666666665286
620, 1093331.6666666665260
302, 1078304.8333333331946
109, 1067941.4999999998626
782, 1088149.9999999998600
586, 1044623.9999999998656
590, 1087113.6666666665268
493, 1034778.8333333332002
364, 1047732.9999999998652
910, 1042551.3333333331992
680, 1086077.3333333331936
718, 1113540.1666666665234
13, 1093849.8333333331926
970, 1066386.9999999998628
44, 1056023.6666666665308
398, 1097995.1666666665254
463, 1048251.1666666665318
79, 1105249.4999999998578
847, 1110949.3333333331904
494, 1031669.8333333332006
271, 1064832.4999999998630
968, 1073123.1666666665286
140, 1113540.1666666665234
367, 1082450.1666666665274
10, 1085040.9999999998604
238, 1047214.8333333331986
751, 1013015.8333333332030
175, 1044105.8333333331990
334, 1114576.4999999998566
76, 1035296.9999999998668
943, 1079341.1666666665278
106, 1064832.4999999998630
272, 1075713.9999999998616
592, 1073641.3333333331952
46, 1087631.8333333331934
976, 1065868.8333333331962
655, 1067423.3333333331960
848, 1080377.4999999998610
940, 1065868.8333333331962
208, 1071568.6666666665288
559, 1074677.6666666665284
526, 1077268.4999999998614
752, 1107322.1666666665242
842, 1040996.8333333331994
368, 1099549.6666666665252
748, 1071050.4999999998622
686, 1062241.6666666665300
688, 1078822.9999999998612
529, 1085040.9999999998604
241, 1062241.6666666665300
817, 1030115.3333333332008
944, 1039960.4999999998662
625, 1050323.8333333331982
14, 1071568.6666666665288
49, 1050323.8333333331982
556, 1076750.3333333331948
176, 1055505.4999999998642
913, 1073123.1666666665286
145, 1029078.9999999998676
80, 1085559.1666666665270
878, 1087631.8333333331934
721, 1054987.3333333331976
236, 1072604.9999999998620
466, 1068977.8333333331958
146, 1093331.6666666665260
784, 1075713.9999999998616
914, 1083486.4999999998606
433, 1028560.8333333332010
50, 1045660.3333333331988
974, 1043587.6666666665324
626, 1047732.9999999998652
337, 1064314.3333333331964
16, 1076750.3333333331948
434, 1059650.8333333331970
242, 1073123.1666666665286
110, 1102140.4999999998582
112, 1043069.4999999998658
178, 1051360.1666666665314
691, 1084004.6666666665272
883, 1077786.6666666665280
211, 1089704.4999999998598
850, 1086595.4999999998602
979, 1052396.4999999998646
880, 1058614.4999999998638
403, 1077268.4999999998614
430, 1082968.3333333331940
562, 1040478.6666666665328
499, 1064314.3333333331964
307, 1038405.9999999998664
946, 1069495.9999999998624
496, 1014570.3333333332028
115, 1043069.4999999998658
814, 1052396.4999999998646
884, 1070014.1666666665290
340, 1071568.6666666665288
274, 1127012.4999999998550
212, 1048769.3333333331984
787, 1038405.9999999998664
788, 1071568.6666666665288
400, 1066386.9999999998628
820, 1077268.4999999998614
19, 1132712.3333333331876
722, 1067941.4999999998626
52, 1055505.4999999998642
142, 1055505.4999999998642
148, 1059650.8333333331970
595, 1020270.1666666665354
656, 1067941.4999999998626
82, 1061205.3333333331968
596, 1052396.4999999998646
565, 1094367.9999999998592
853, 1112503.8333333331902
949, 1036333.3333333332000
916, 1067941.4999999998626
757, 1039960.4999999998662
818, 1097476.9999999998588
181, 1079341.1666666665278
560, 1037369.6666666665332
404, 1077786.6666666665280
85, 1056541.8333333331974
661, 1090740.8333333331930
436, 1092295.3333333331928
754, 1077786.6666666665280
373, 1107322.1666666665242
304, 1051878.3333333331980
278, 1089704.4999999998598
982, 1076750.3333333331948
244, 1036333.3333333332000
118, 1054987.3333333331976
277, 1061205.3333333331968
566, 1081413.8333333331942
370, 1042551.3333333331992
86, 1089704.4999999998598
469, 1034778.8333333332002
308, 1048251.1666666665318
950, 1062241.6666666665300
464, 1088149.9999999998600
374, 1066386.9999999998628
658, 1040996.8333333331994
116, 1022342.8333333332018
790, 1094886.1666666665258
919, 1091777.1666666665262
631, 1033224.3333333332004
535, 1058614.4999999998638
854, 1046178.4999999998654
55, 1084522.8333333331938
500, 1062759.8333333331966
151, 1079859.3333333331944
338, 1066386.9999999998628
310, 1034260.6666666665336
247, 1034778.8333333332002
439, 1053950.9999999998644
694, 1052396.4999999998646
980, 1011461.3333333332032
727, 1039442.3333333331996
530, 1102658.6666666665248
88, 1091777.1666666665262
856, 1073123.1666666665286
502, 1078822.9999999998612
248, 1102658.6666666665248
823, 1077786.6666666665280
664, 1052396.4999999998646
20, 1089704.4999999998598
472, 1061723.4999999998634
343, 1085040.9999999998604
758, 1039442.3333333331996
376, 1123903.4999999998554
440, 1040478.6666666665328
628, 1111985.6666666665236
598, 1058614.4999999998638
952, 1074159.4999999998618
409, 1078822.9999999998612
121, 1068459.6666666665292
889, 1081413.8333333331942
728, 1064832.4999999998630
313, 1026488.1666666665346
406, 1115612.8333333331898
697, 1076750.3333333331948
724, 1061205.3333333331968
152, 1031151.6666666665340
601, 1098513.3333333331920
505, 1063796.1666666665298
184, 1038405.9999999998664
470, 1074677.6666666665284
25, 1054987.3333333331976
532, 1058096.3333333331972
826, 1075195.8333333331950
602, 1046696.6666666665320
824, 1073123.1666666665286
410, 1062759.8333333331966
985, 1044105.8333333331990
346, 1075713.9999999998616
214, 1117685.4999999998562
58, 1084522.8333333331938
217, 1054469.1666666665310
344, 1035815.1666666665334
250, 1079859.3333333331944
692, 1038924.1666666665330
314, 1056541.8333333331974
793, 1048251.1666666665318
22, 1069495.9999999998624
568, 1039960.4999999998662
730, 1052914.6666666665312
571, 1064832.4999999998630
763, 1045142.1666666665322
667, 1073123.1666666665286
506, 1064314.3333333331964
187, 1027524.4999999998678
920, 1035296.9999999998668
91, 1086595.4999999998602
662, 1095922.4999999998590
538, 1049805.6666666665316
475, 1086595.4999999998602
955, 1008870.4999999998702
698, 1068977.8333333331958
632, 1063796.1666666665298
283, 1123385.3333333331888
182, 1069495.9999999998624
700, 1056023.6666666665308
92, 1086595.4999999998602
442, 1049805.6666666665316
188, 1030633.4999999998674
379, 1081931.9999999998608
124, 1033224.3333333332004
280, 1037887.8333333331998
380, 1100585.9999999998584
859, 1084004.6666666665272
122, 1089186.3333333331932
668, 1105249.4999999998578
886, 1121312.6666666665224
604, 1075195.8333333331950
760, 1093331.6666666665260
26, 1054469.1666666665310
28, 1037369.6666666665332
829, 1036333.3333333332000
541, 1061205.3333333331968
253, 1091777.1666666665262
796, 1049805.6666666665316
445, 1074159.4999999998618
154, 1074159.4999999998618
61, 1084004.6666666665272
536, 1064832.4999999998630
956, 1070014.1666666665290
157, 1083486.4999999998606
637, 1065350.6666666665296
220, 1077786.6666666665280
794, 1068977.8333333331958
733, 1037369.6666666665332
56, 1030633.4999999998674
574, 1071050.4999999998622
190, 1075713.9999999998616
508, 1050841.9999999998648
350, 1063277.9999999998632
349, 1022342.8333333332018
542, 1059132.6666666665304
634, 1115094.6666666665232
382, 1084522.8333333331938
925, 1054987.3333333331976
860, 1068459.6666666665292
734, 1080895.6666666665276
670, 1033224.3333333332004
986, 1115094.6666666665232
412, 1081413.8333333331942
958, 1101104.1666666665250
223, 1118721.8333333331894
31, 1095404.3333333331924
127, 1060687.1666666665302
478, 1079859.3333333331944
799, 1050841.9999999998648
572, 1077268.4999999998614
895, 1114058.3333333331900
922, 1059132.6666666665304
158, 1061205.3333333331968
607, 1060168.9999999998636
511, 1021306.4999999998686
62, 1089704.4999999998598
892, 1090740.8333333331930
703, 1077268.4999999998614
218, 1044623.9999999998656
, 13106507.6666666649804
160, 1077786.6666666665280
766, 1045142.1666666665322
640, 1063796.1666666665298
991, 1063277.9999999998632
928, 1061205.3333333331968
284, 1057578.1666666665306
64, 1064832.4999999998630
415, 1068459.6666666665292
446, 1117167.3333333331896
832, 1063277.9999999998632
890, 1051360.1666666665314
704, 1089186.3333333331932
319, 1094367.9999999998592
316, 1042033.1666666665326
286, 1057059.9999999998640
896, 1073641.3333333331952
1, 1048251.1666666665318
193, 1035296.9999999998668
673, 1108358.4999999998574
256, 1075195.8333333331950
865, 1150848.1666666665186
830, 1094367.9999999998592
97, 1078822.9999999998612
764, 1071050.4999999998622
992, 1057059.9999999998640
577, 1091258.9999999998596
289, 1057059.9999999998640
320, 1068459.6666666665292
254, 1086077.3333333331936
481, 1108358.4999999998574
988, 1108876.6666666665240