706, 3.9257420725E7
130, 4.136779956166666E7
128, 3.910518854E7
290, 3.965504628000001E7
961, 4.039571371333333E7
994, 4.022287404E7
478, 4.084780376666666E7
418, 3.633742201666666E7
769, 4.001094387333333E7
32, 4.195287708999999E7
770, 4.2082382485E7
380, 4.0548712785E7
578, 3.9592280751666665E7
385, 4.1760398900000006E7
926, 4.291820086333332E7
608, 3.969776912166666E7
322, 3.9609805148333326E7
643, 4.002041595999999E7
547, 4.3206503615E7
259, 4.057475066E7
194, 3.965590643666666E7
739, 4.2005201559999995E7
928, 4.1305210209999986E7
835, 3.8629837984999985E7
94, 4.047967225833333E7
898, 4.029119949666666E7
67, 4.062003842666667E7
163, 3.985487207333333E7
610, 4.213687807333333E7
736, 4.0947037864999995E7
931, 3.939257413666667E7
574, 3.996532966166666E7
164, 3.892704284E7
4, 4.069462851833333E7
866, 4.317477108833334E7
548, 4.053117802499998E7
451, 3.904181675666667E7
836, 4.106274448166668E7
416, 3.975265851666666E7
740, 4.052715186999999E7
355, 4.0540940285E7
2, 4.224558944E7
196, 3.933190718333333E7
260, 4.203059172666667E7
640, 4.144248292333332E7
386, 3.957028457666667E7
868, 4.2185352565E7
229, 4.023057399666667E7
805, 4.0836336738333315E7
709, 4.0322999385000005E7
964, 3.809792953833333E7
613, 4.220632277000001E7
962, 3.928460374833333E7
517, 4.2637794971666664E7
224, 4.0249347175000004E7
580, 4.077812071333333E7
901, 4.063659903333333E7
133, 4.225243442166666E7
772, 4.081415402333334E7
674, 3.918694487666666E7
37, 4.006897854E7
512, 4.230274322333332E7
166, 3.8190396379999995E7
262, 4.0373738264999986E7
292, 3.969378442E7
38, 4.047515902666666E7
325, 3.789146603E7
998, 3.8933323019999996E7
802, 3.8812227470000006E7
902, 3.9769530023333326E7
997, 4.127454510666666E7
452, 4.1701182813333325E7
614, 3.961670712833333E7
64, 4.1461100651666656E7
454, 4.334148603166666E7
421, 4.144806876E7
482, 4.198942856666667E7
484, 4.0265203075E7
358, 3.980752200333333E7
295, 4.1014834791666664E7
775, 4.073177588666666E7
487, 4.069519850166667E7
646, 3.874528551833333E7
967, 4.051531176166668E7
448, 4.179713691666667E7
388, 3.876729723833332E7
871, 4.062617352000001E7
226, 3.985157135166667E7
518, 4.208118033833333E7
391, 4.057355887666666E7
583, 4.021410666E7
422, 4.1270788398333326E7
100, 3.866396444166667E7
199, 4.0203199251666665E7
34, 4.046213231666666E7
776, 3.935614702E7
104, 4.0687187645E7
326, 3.772890678333333E7
424, 3.9844467286666654E7
103, 3.939619612166666E7
584, 4.1151516794999994E7
644, 3.959866974666666E7
488, 3.9769581839999996E7
7, 4.101271030833333E7
134, 3.968832812500001E7
712, 4.001572136999999E7
514, 4.034053932666666E7
232, 3.893833369166666E7
679, 4.0547256736666664E7
68, 3.8770914041666664E7
838, 4.086500689999999E7
872, 3.966369966333334E7
553, 4.069218277166665E7
73, 4.0873877913333334E7
457, 3.873118102166667E7
808, 4.1350741514999986E7
745, 4.099210282E7
98, 4.1178596185E7
742, 3.917144651166666E7
265, 3.943391347333333E7
676, 4.142115518333332E7
136, 4.073594712833333E7
841, 3.978992506333333E7
937, 3.894853639333333E7
1000, 4.140695223499999E7
550, 4.1299194294999994E7
169, 3.985675301833334E7
932, 3.926773742333333E7
362, 4.0194146879999995E7
554, 4.054743291333333E7
392, 4.1785592163333334E7
874, 4.175610329833334E7
649, 4.166616510999999E7
938, 4.150086994333332E7
70, 4.133845060166665E7
458, 4.304912085333333E7
361, 3.944077918166667E7
40, 3.922750696333334E7
170, 4.018678373166666E7
356, 4.1176575334999986E7
202, 4.164153146666667E7
710, 4.072705538833333E7
520, 4.0176036955000006E7
394, 3.986465506E7
235, 4.073872450166666E7
523, 3.921921629666666E7
907, 4.123354257833333E7
298, 4.000412998166666E7
331, 4.2135023036666654E7
616, 4.2035395131666675E7
715, 4.057439830666667E7
806, 3.940843521833332E7
682, 4.133027911333332E7
619, 3.963529376666666E7
427, 4.147606530499999E7
74, 4.147296666833333E7
328, 3.9398704048333324E7
811, 4.2979919694999985E7
934, 3.958665864333332E7
332, 3.927905418333333E7
556, 3.955980724666666E7
650, 4.097239694166667E7
716, 4.040660557666667E7
43, 3.913848074833331E7
460, 3.9369121913333334E7
968, 4.041683936833333E7
44, 3.970554680333332E7
139, 3.9305734585E7
778, 3.963153187666667E7
844, 4.086926104833333E7
230, 3.807638935E7
268, 3.918693451333333E7
200, 4.079608037E7
266, 4.0795660654999994E7
748, 3.964833602166666E7
973, 4.067184473E7
685, 3.955999896833332E7
589, 4.015268318333333E7
172, 3.986298138166666E7
301, 4.064850650333333E7
490, 4.053327141833334E7
877, 4.096922576166666E7
8, 3.950793358166666E7
524, 4.055650601166666E7
205, 4.198635065666667E7
397, 4.075467367166667E7
908, 3.844192484333333E7
746, 4.2668055905E7
781, 3.956476610166667E7
904, 4.135408887166666E7
974, 4.126469993999999E7
334, 3.884584612333332E7
620, 4.004308056999999E7
622, 4.132771418833333E7
109, 4.165776044666666E7
686, 3.894278474333333E7
586, 4.070446332166666E7
206, 4.139987926E7
493, 4.0918289978333324E7
428, 3.860796616999999E7
782, 4.048307661333332E7
680, 3.9811693245E7
718, 3.997400377166665E7
13, 4.166276593666666E7
970, 4.092703663166666E7
364, 4.070902318833333E7
398, 4.069782560666667E7
463, 4.074412379833333E7
79, 4.0020244964999996E7
847, 4.104305414833333E7
910, 4.008948757666667E7
271, 3.991887083833333E7
296, 3.825729169666666E7
140, 3.9544070525E7
367, 3.9929643523333326E7
10, 4.060228085499999E7
238, 4.0103509166666664E7
751, 4.127846244666666E7
175, 3.9539427751666665E7
590, 3.870928329833333E7
76, 4.028476904833333E7
943, 3.992231664666667E7
106, 4.098628380833333E7
368, 4.043896508499999E7
592, 4.1260020894999996E7
494, 3.975676239666667E7
784, 4.114420028166667E7
655, 4.0528390288333334E7
752, 4.009160687833333E7
940, 3.8290350730000004E7
208, 4.145478938166666E7
559, 4.1215593285E7
526, 3.828336584333333E7
848, 4.0416735735E7
842, 4.137523525333333E7
976, 4.1470028663333334E7
812, 4.081475509666666E7
302, 4.1598813806666665E7
688, 4.0057521875E7
241, 3.898749216333333E7
817, 3.932750794833333E7
529, 4.0210329224999994E7
944, 3.7489213246666655E7
625, 4.038314299E7
14, 4.081521108333333E7
49, 4.127909461E7
652, 4.069175269333333E7
176, 4.118038385999999E7
913, 4.084271537E7
145, 4.005443878333333E7
80, 4.1396713261666656E7
878, 3.990066764333333E7
721, 4.027455598333333E7
236, 3.967581958166666E7
146, 4.2713177858333334E7
466, 4.0775379611666664E7
272, 4.0225900133333325E7
338, 4.208090052833333E7
433, 4.058022250000001E7
242, 4.026799599333333E7
46, 3.9755031719999984E7
626, 4.008084973833333E7
337, 4.004671291833332E7
400, 4.013292030666666E7
434, 3.873798973166668E7
562, 4.125447651166667E7
110, 3.8795884493333325E7
112, 4.1719593275E7
178, 3.832733746666667E7
691, 4.027741108166666E7
883, 3.9712982495E7
211, 4.0379821541666664E7
850, 3.9836347614999995E7
979, 4.0262607059999995E7
16, 4.0536841586666666E7
403, 4.073201942499999E7
430, 3.991005682333333E7
370, 3.8700381195E7
499, 4.277681390666667E7
307, 4.0649630925E7
530, 3.977745797333334E7
496, 4.256520500333334E7
115, 4.078462888666667E7
814, 4.0178741785E7
340, 4.0243538526666656E7
212, 3.894206449166667E7
274, 3.9642237199999996E7
788, 3.906137236666667E7
787, 4.084670525333333E7
916, 4.155989430833333E7
880, 4.056344944500001E7
820, 4.161589776166667E7
19, 3.896609706166667E7
722, 3.942182464499999E7
52, 3.949209322666666E7
142, 4.001333780333333E7
148, 3.961643768166667E7
595, 3.954717434333333E7
656, 4.083449206499999E7
82, 4.0127381105E7
596, 3.8985823666666664E7
565, 4.191864181833333E7
853, 3.897235133333332E7
949, 4.159155947333332E7
884, 4.1248097879999995E7
757, 4.2720779363333344E7
818, 3.897739827666666E7
181, 4.009629110500001E7
560, 4.0365628956666656E7
436, 4.084141995333333E7
85, 4.204596055E7
661, 3.9206573029999994E7
404, 4.080621570999999E7
754, 4.160178290166667E7
373, 4.0665139653333336E7
304, 4.052570100333334E7
278, 4.0994299846666664E7
982, 4.145222445666667E7
244, 3.868464447333333E7
86, 3.9712552416666664E7
277, 4.016038313999999E7
886, 4.036690364666667E7
946, 3.908729106333333E7
214, 3.999895349666668E7
469, 3.9593260086666666E7
116, 4.135763313166666E7
118, 3.939611839666667E7
464, 4.0147698419999994E7
598, 4.085637424333333E7
658, 3.992680915166666E7
308, 4.199615436999999E7
790, 3.864121174333333E7
919, 4.144392860833333E7
631, 4.1489884809999995E7
535, 4.126130594833334E7
854, 3.9785665733333334E7
55, 3.980240769833333E7
500, 4.1342901653333336E7
151, 3.9961676586666666E7
50, 3.999460607833334E7
310, 3.9755078355E7
247, 4.064572912999999E7
439, 4.026645185666666E7
694, 4.098214883833333E7
980, 4.127002151166666E7
727, 4.025945660666667E7
914, 4.2241827550000004E7
88, 4.219110939666666E7
856, 4.0835341858333334E7
502, 4.0711525933333345E7
376, 3.929349030666667E7
823, 3.9724817421666674E7
664, 3.974068886666666E7
20, 3.972886430333333E7
472, 4.0987672495E7
343, 4.2340802565E7
758, 4.387511997333333E7
248, 3.940732634166667E7
440, 4.000307292166665E7
628, 4.026068466166666E7
406, 4.009321319499999E7
952, 4.0968391513333336E7
409, 4.117522292E7
121, 3.9672249413333334E7
889, 3.893921975666666E7
728, 3.728179631166667E7
313, 4.175148643333333E7
374, 4.002534372500001E7
697, 4.241261010166666E7
724, 4.069588248166668E7
152, 3.989915459666668E7
601, 3.930014874833333E7
505, 4.074384398833332E7
632, 4.068896495666666E7
950, 4.102860766166667E7
25, 3.875720853333334E7
532, 4.088825185666667E7
826, 3.999701555333333E7
602, 3.9155979236666664E7
824, 4.212672718833332E7
122, 4.0384915120000005E7
217, 4.023190050333333E7
58, 4.191021124666666E7
566, 4.0910745471666664E7
730, 4.0640832455E7
985, 4.1027104978333324E7
344, 3.998449664666667E7
250, 3.9835212830000006E7
692, 3.967602684833333E7
314, 4.1114390153333336E7
793, 4.0381262045E7
22, 4.153523475666667E7
536, 3.980778108666667E7
634, 4.018976837166666E7
475, 3.9367842041666664E7
571, 3.9633739266666666E7
763, 3.8452915158333324E7
506, 4.1309640535E7
667, 3.856848705166667E7
920, 4.061939071833333E7
187, 4.107439286833334E7
662, 4.0392060638333336E7
538, 3.942599070499999E7
91, 3.686688471666666E7
955, 4.1875851615E7
698, 4.130476458666667E7
184, 4.195630217166667E7
283, 3.969814220166667E7
182, 4.049057448499999E7
700, 4.148790541333335E7
92, 4.236683007666666E7
442, 4.0733257843333334E7
284, 4.0303324596666664E7
379, 3.856171461333332E7
124, 3.8341597413333334E7
280, 3.992695423833332E7
188, 4.1015865943333335E7
859, 3.999924885166667E7
410, 4.0372743385000005E7
796, 4.207113826833332E7
470, 4.018386127166667E7
604, 3.927077387999999E7
760, 4.119431736166666E7
26, 4.0027799834999986E7
28, 4.0760710313333325E7
829, 4.281544841333334E7
541, 4.2240459589999996E7
253, 4.325535636833335E7
668, 4.022803498000001E7
445, 3.8441883389999986E7
154, 3.761943371166666E7
61, 4.1090766935E7
568, 4.040020621833333E7
860, 4.110022347666667E7
157, 4.1305085849999994E7
637, 4.074866293833332E7
220, 4.0965899131666675E7
794, 3.9973920865E7
733, 4.008968448E7
56, 3.8648181085E7
382, 4.0600057919999994E7
190, 4.062754666166667E7
508, 3.995720480833334E7
862, 4.2811753885000005E7
349, 3.9363302901666656E7
350, 4.381106939166664E7
346, 3.994074265333333E7
254, 4.410467298833333E7
925, 4.005350608333333E7
892, 3.930407645166667E7
734, 4.076349286833333E7
446, 4.096415809166667E7
986, 3.874121790999999E7
412, 4.046955246333334E7
638, 4.150274570666667E7
223, 3.9742751169999994E7
31, 3.8368738983333334E7
127, 4.1525477678333335E7
766, 4.049070402666666E7
799, 3.9767856345E7
988, 3.765263783166666E7
895, 3.649543175999999E7
922, 4.0603291279999994E7
158, 4.05354529E7
607, 4.012265024333333E7
511, 3.9735336205E7
62, 4.004991518833333E7
476, 4.044470119E7
703, 4.374474924E7
218, 4.0895350739999995E7
, 2.4655587691666666E8
160, 4.085786656333333E7
542, 4.226290656999999E7
352, 3.8807734964999996E7
991, 4.1017420443333335E7
544, 4.215369776333333E7
572, 3.957226397333333E7
800, 4.1781104839999996E7
415, 4.118427011E7
958, 4.244395400333334E7
832, 4.282359399333333E7
890, 4.0907310026666656E7
704, 3.9772374758333325E7
319, 3.914655896666667E7
316, 4.146930323000001E7
670, 3.880009200666666E7
896, 4.247561398666666E7
577, 3.997303998166667E7
193, 4.1325641521666676E7
673, 4.240539204000001E7
256, 4.0473930971666664E7
865, 3.738901535833333E7
830, 3.999583413333333E7
97, 3.842671146999999E7
764, 3.9731092419999994E7
992, 4.0924715245E7
1, 3.959666444166666E7
289, 3.996741787333332E7
320, 3.949296892833333E7
286, 3.978516829333333E7
481, 4.013225187166666E7
956, 3.899662744166666E7