706, 4.2496786276666656E7
130, 4.1471546891666666E7
128, 4.099050168499999E7
290, 3.9052345903333336E7
961, 3.8913187063333325E7
994, 4.035038449333334E7
478, 4.116590110166665E7
418, 3.8121765205E7
769, 3.990218587166666E7
32, 4.123001386333332E7
226, 3.913715942333334E7
476, 3.9596151456666656E7
770, 4.268130542666666E7
385, 4.218067870166667E7
926, 4.3879716111666664E7
608, 4.0698255684999995E7
866, 4.1209250925000004E7
643, 4.117226418833334E7
547, 4.364111590666666E7
259, 3.9552620275E7
194, 3.950061188666667E7
739, 4.207807133833334E7
736, 4.238129210833333E7
835, 4.117376687166665E7
94, 3.9530883183333345E7
482, 4.198125707833333E7
67, 4.100275632666666E7
163, 4.1006388675E7
34, 3.942089712666666E7
544, 4.084290709166666E7
931, 4.1154351166666664E7
574, 3.8964210934999995E7
388, 4.0200458150000006E7
4, 3.9517431576666676E7
898, 4.0539872861666664E7
548, 4.1108006339999996E7
451, 3.891581416833333E7
164, 4.1339927376666665E7
416, 3.8510084486666664E7
868, 4.175467315833333E7
355, 3.968959763333333E7
2, 4.2139064736666664E7
452, 4.119993946999999E7
772, 4.075048170333335E7
800, 4.148771369166666E7
386, 3.800071110833333E7
932, 3.930068245999999E7
229, 3.984335841E7
805, 4.0980806786666654E7
709, 4.1013456468333334E7
484, 3.992795948166667E7
613, 4.1391049699999996E7
674, 3.7870309285E7
517, 4.240284784166667E7
224, 3.998542416499999E7
964, 3.844658834333333E7
901, 4.1311956739999995E7
133, 4.179238014666667E7
260, 4.084533729333334E7
610, 4.095673794500001E7
37, 4.118819263166666E7
512, 4.0019094635E7
166, 3.928781119999999E7
262, 4.105382165166667E7
580, 3.998563661333333E7
38, 4.049892733166666E7
325, 3.947969867999999E7
518, 4.175578721666666E7
322, 4.0027701383333325E7
902, 4.105867687333332E7
997, 4.148686908E7
68, 3.909364896833333E7
614, 3.893885704000001E7
352, 3.9059595054999985E7
454, 4.159443011666667E7
421, 4.089971370333333E7
962, 3.8580788328333326E7
676, 4.128083565E7
550, 4.247245835166666E7
295, 4.0253026158333324E7
775, 3.919372249666666E7
487, 4.113955232666667E7
422, 3.884814678333333E7
967, 4.101454461833333E7
448, 4.201837335666667E7
740, 3.9633174464999996E7
871, 4.0654936951666676E7
578, 3.925548796333333E7
998, 4.004105453833334E7
391, 3.9683467721666664E7
583, 4.006931534833334E7
358, 4.011411085666666E7
100, 3.893043164999998E7
199, 4.1501585013333336E7
802, 4.053541144666667E7
776, 3.900843127833334E7
424, 3.999178207E7
326, 3.8985813303333335E7
584, 4.064466170666666E7
103, 3.741084053833333E7
488, 4.023336691499999E7
644, 3.976756099E7
712, 4.090518554333334E7
7, 3.975098483833333E7
134, 4.132792145499999E7
232, 3.886051024E7
514, 3.8744953891666666E7
872, 3.978350497833332E7
679, 4.117462184666667E7
356, 4.1267166413333334E7
838, 4.000987644999999E7
520, 3.987978552666666E7
553, 3.844509602333333E7
73, 4.0368639504999995E7
457, 3.928834491166666E7
8, 4.085305797666667E7
745, 4.047469267666666E7
98, 4.0210982115E7
742, 3.8977610724999994E7
265, 3.9207738904999994E7
836, 3.941622844500001E7
136, 4.2048048761666656E7
841, 3.911547414833333E7
937, 3.883947267333334E7
1000, 4.046376972333333E7
646, 3.904155249166666E7
169, 4.018283530166666E7
292, 4.063816389666667E7
362, 3.968442632999999E7
554, 4.088854203E7
392, 4.121665552666666E7
874, 3.945570238166667E7
649, 4.0291577758333325E7
938, 4.3156282901666656E7
70, 4.2098735825E7
458, 4.051900629E7
361, 4.184285476166666E7
40, 3.911654675333333E7
170, 4.167734714666666E7
196, 3.879131944500001E7
202, 4.071124094166666E7
710, 3.9549671906666666E7
296, 3.925617194333334E7
394, 4.1381961056666665E7
235, 4.143712508E7
523, 3.985768053666666E7
907, 4.2102984791666664E7
298, 4.154740131E7
331, 4.157830995166667E7
104, 4.0899744793333344E7
715, 4.003890414666667E7
806, 3.8253353629999995E7
682, 4.3272834129999995E7
619, 4.0562148846666664E7
427, 4.0679881495E7
74, 4.0700939788333334E7
328, 3.9189903608333334E7
811, 4.065942427499999E7
934, 3.8577720781666666E7
460, 4.060328091666666E7
748, 3.975023867833333E7
650, 4.161545213833333E7
844, 4.1501631648333326E7
43, 3.989896805666668E7
652, 4.1025141126666665E7
616, 4.088248466166666E7
44, 4.044850453333334E7
139, 3.8724258315000005E7
490, 4.095544770999999E7
332, 3.963655809333332E7
230, 3.867399096666666E7
172, 4.0848290843333334E7
200, 4.005539739166666E7
266, 4.150052795333333E7
716, 4.089699851E7
973, 3.924390693833333E7
685, 3.9848861339999996E7
589, 4.1495548371666655E7
524, 3.9130392166666664E7
301, 3.899801612833333E7
778, 4.0043749005E7
877, 4.0942638629999995E7
968, 4.060817241E7
908, 3.8902917E7
205, 4.1376639485E7
397, 3.9662647785000004E7
428, 3.947886961333332E7
746, 4.163711668666666E7
781, 4.0936824800000004E7
904, 4.141981313166666E7
590, 3.655207255833334E7
238, 4.0252549445E7
268, 3.9766768195E7
910, 3.9674430894999996E7
109, 4.155203890166666E7
974, 3.923876154333333E7
586, 4.053125574999999E7
334, 3.960955642833333E7
493, 4.037122515666666E7
364, 4.030022596E7
398, 4.128776871999999E7
680, 4.089568236666667E7
718, 4.0392672074999996E7
13, 4.1673424625E7
970, 3.9083150911666654E7
620, 4.1318288736666664E7
686, 3.7916654111666664E7
463, 4.078252512999999E7
79, 3.952607459666667E7
847, 4.0852140821666665E7
494, 3.909393396E7
271, 3.8610282375E7
808, 4.161089745333333E7
140, 4.105621558166666E7
367, 4.229029685999999E7
10, 4.220315158999999E7
302, 4.0993828315E7
751, 3.9071968875E7
175, 3.926062299499998E7
782, 4.1137676563333325E7
76, 4.0423015915E7
655, 4.1365918616666675E7
106, 4.236021827000001E7
272, 4.0418621861666664E7
592, 4.1306593714999996E7
46, 3.9050962398333326E7
976, 4.0964349813333325E7
943, 4.0661315583333336E7
560, 4.079557256666666E7
940, 4.0392169453333326E7
208, 4.0338249029999994E7
559, 4.023305083333333E7
526, 3.992710968833333E7
368, 3.9758342805E7
842, 4.017679866E7
752, 4.0446457775E7
812, 4.200476111833334E7
110, 3.971048493166666E7
688, 4.107950199166666E7
241, 3.842006857333333E7
817, 4.014633045999999E7
529, 3.933397466833333E7
944, 3.778477033166666E7
625, 4.093609936666667E7
14, 4.057642433833333E7
49, 4.176715579333334E7
556, 3.877023524333333E7
880, 4.074223249E7
913, 4.084166349166666E7
145, 3.9459117099999994E7
80, 4.182884871666666E7
878, 4.069257139666667E7
721, 3.972910784166666E7
236, 3.933307824000001E7
146, 4.110972147166667E7
466, 4.004129807666667E7
784, 4.0724438646666676E7
530, 4.013773925666665E7
433, 4.026439991666667E7
50, 3.8004571449999996E7
814, 4.019961353833334E7
626, 4.049040349E7
337, 4.062988877499999E7
16, 4.0744548695E7
434, 4.000582956833333E7
242, 4.103645788666666E7
622, 4.011660323833333E7
112, 4.2083569086666666E7
178, 3.8198370964999996E7
691, 4.190550629333333E7
883, 4.0275115603333324E7
211, 4.055573394333334E7
850, 4.003614750000001E7
979, 4.0053003461666666E7
176, 4.097214822166667E7
403, 4.179294494833333E7
430, 4.041296348166666E7
562, 4.160637904000001E7
499, 4.198573921999999E7
307, 4.0501528528333336E7
914, 4.269107804999999E7
464, 4.0947514578333326E7
115, 4.004888403666667E7
206, 4.1584761126666665E7
692, 4.044416747833332E7
884, 4.1051116821666665E7
274, 4.064799351833334E7
340, 4.012225125499999E7
787, 4.109296914333332E7
212, 3.866879893666667E7
400, 3.947653786333332E7
788, 4.123581733E7
19, 3.9988828519999996E7
722, 3.987203375333333E7
52, 3.795404501833334E7
142, 4.014339763666666E7
148, 3.967002129666666E7
595, 3.9393626015E7
656, 4.1023011461666666E7
82, 4.0408206711666666E7
596, 3.8661223339999996E7
565, 4.165835115666667E7
853, 4.0150978415E7
949, 4.044412602499999E7
820, 4.147026183833333E7
757, 4.2561790285E7
818, 4.0430353154999994E7
181, 4.033954444666666E7
848, 4.147846441666666E7
916, 4.114554233333332E7
85, 4.1216396443333335E7
661, 4.026089711000001E7
404, 4.101943093E7
754, 3.957302567833333E7
373, 4.165588468333334E7
304, 4.072168199999999E7
278, 4.164321550833333E7
982, 4.124202496666666E7
436, 4.0508611866666675E7
118, 3.9448375504999995E7
277, 4.060009419166666E7
566, 4.0973303733333334E7
370, 3.7907539559999995E7
86, 3.970613751333333E7
469, 4.0485885076666676E7
244, 3.828169734666666E7
950, 4.092686563666667E7
496, 4.1278436538333334E7
598, 4.1796810471666664E7
658, 4.0294039050000004E7
308, 4.1710649718333334E7
790, 4.037209567666666E7
919, 4.2817002913333334E7
631, 4.035613614333334E7
535, 4.015266763833332E7
854, 4.0118955715E7
55, 4.067107784333332E7
116, 4.027567522333333E7
151, 3.974290662E7
338, 4.131118467166667E7
310, 4.1311568114999995E7
247, 4.004952656333334E7
439, 3.908194358333333E7
694, 4.171674854000001E7
500, 4.127418757166666E7
727, 4.038432441E7
946, 4.053665504666667E7
376, 4.021962513500001E7
856, 4.2045556379999995E7
502, 3.960136421333334E7
248, 4.028997144166666E7
823, 4.1723909603333324E7
664, 3.933325959833334E7
980, 4.070368607166666E7
568, 3.880109206833333E7
343, 4.1582102931666665E7
758, 4.225125818333333E7
920, 3.912544885666666E7
472, 4.0765658805E7
20, 4.0609462644999996E7
406, 4.1332025334999986E7
344, 4.009368472666666E7
409, 4.121629281E7
121, 3.8622594015E7
889, 4.011656696666667E7
824, 4.1055557510000005E7
313, 4.160141500333332E7
470, 4.216757944833333E7
697, 4.110437917333333E7
628, 4.199465686833333E7
728, 3.806856503333333E7
601, 4.062750520833333E7
505, 4.0452919313333325E7
184, 4.0580491946666665E7
374, 4.0695115595E7
25, 3.9947152375E7
724, 4.065091597833333E7
826, 3.9248648163333334E7
602, 3.929004449833333E7
440, 3.9881552474999994E7
410, 3.932412432000001E7
985, 4.143261703E7
986, 3.9752497885E7
214, 4.030017414333334E7
346, 3.9448572408333324E7
217, 4.086198080666666E7
536, 3.999194270166667E7
250, 4.007825372333334E7
532, 3.9904994335E7
314, 4.152498023833332E7
793, 4.037297137833333E7
22, 4.0797427603333324E7
56, 3.7985124654999994E7
634, 4.290588922333332E7
475, 4.083201004666665E7
571, 4.131274435333333E7
763, 3.8890335913333334E7
922, 4.167882392166666E7
667, 3.924004659666667E7
88, 4.301564210499999E7
187, 3.9852156879999995E7
662, 3.921437661999999E7
538, 3.9270913785E7
91, 3.898168351499999E7
955, 4.079600782666665E7
698, 4.052590308833334E7
632, 3.862561492666666E7
283, 4.101701109166667E7
182, 4.032066763499999E7
700, 4.198779116E7
92, 4.322556696666667E7
442, 4.0742393121666655E7
188, 4.169156564E7
379, 3.8606152586666666E7
860, 4.1068009055E7
280, 4.023242385166667E7
380, 4.002217772666667E7
859, 4.1118716845E7
122, 4.096594576666665E7
124, 3.8242270044999994E7
886, 4.0751310769999996E7
604, 3.933562761999999E7
760, 4.0614312685E7
58, 3.986048899999999E7
28, 3.9258182429999985E7
829, 4.319533712333332E7
541, 4.205860381666666E7
253, 4.286297984166667E7
796, 4.0083787743333325E7
445, 3.9027618989999995E7
154, 3.9623013216666654E7
61, 4.1332211875E7
952, 4.1232330068333335E7
956, 3.9053734589999996E7
157, 4.147667674166666E7
637, 4.172597708833332E7
220, 3.9120883808333345E7
794, 4.093149804666666E7
733, 3.913527329666666E7
152, 3.995403881E7
382, 4.210018151E7
190, 3.992128031333333E7
508, 3.867698596999999E7
862, 4.1739651506666645E7
349, 3.8545086645E7
350, 4.362669532833334E7
730, 4.178502218E7
254, 4.362315625000001E7
925, 4.0060382155E7
668, 4.1438213230000004E7
734, 4.180461406166667E7
958, 4.3112207644999996E7
26, 3.9190209326666676E7
412, 4.018450379833333E7
638, 4.269627008E7
223, 4.030879643666666E7
31, 4.020768657499999E7
127, 4.1495237471666664E7
542, 4.0440462586666666E7
799, 3.968065407666667E7
572, 4.038664579666665E7
895, 3.778360445666666E7
506, 4.193645638833332E7
158, 4.047735087166666E7
607, 4.072644395166666E7
511, 4.0567677685E7
62, 3.983143021333333E7
892, 3.994210543166666E7
703, 4.286659146333333E7
218, 3.854840809333333E7
, 2.483516664066666E8
160, 4.013603967000001E7
766, 4.1045950699999996E7
640, 4.064177551833334E7
991, 4.059621312333333E7
928, 4.0393677318333335E7
284, 4.024013417166666E7
64, 4.159673077666666E7
415, 4.0981464858333334E7
670, 3.992617698833334E7
832, 4.189165569833332E7
890, 4.146914259833334E7
704, 4.099966805333333E7
319, 4.0054552779999994E7
316, 3.922459486666667E7
446, 4.1172067285000004E7
896, 4.239685783499999E7
577, 4.0589544318333335E7
193, 4.1073693343333334E7
673, 4.1958675375E7
256, 3.9820761161666654E7
865, 4.007411357166666E7
830, 3.952629740833333E7
97, 4.003163944999999E7
764, 4.152666428E7
992, 3.9999539025000006E7
289, 4.169160191166666E7
1, 3.997942897666666E7
320, 4.083151260666667E7
286, 4.028212639833333E7
481, 4.083790160166665E7
988, 4.0285634386666656E7