706, 4.328052372333334E7
130, 4.090193145666666E7
128, 3.941716114499999E7
290, 3.7923561273333326E7
961, 3.915742492166666E7
994, 4.065590592333333E7
638, 4.2436901755E7
418, 3.847436725833333E7
769, 3.8559149688333325E7
32, 4.053351495666667E7
770, 4.2206058505E7
124, 3.791358656499999E7
578, 3.9714127643333316E7
385, 4.0904910915E7
926, 4.308834607E7
608, 4.132251697666667E7
898, 4.0435099561666675E7
643, 4.170285130999999E7
547, 4.285771526833333E7
259, 3.9505674375E7
194, 3.952742183E7
739, 4.2601823841666654E7
928, 4.036376873833333E7
835, 4.132205580833333E7
94, 3.972413344166667E7
482, 4.081423692999999E7
67, 4.0330637161666654E7
163, 4.1425963769999996E7
34, 3.858365897166667E7
544, 3.900840536999999E7
931, 4.0667963661666654E7
862, 4.263245267333333E7
164, 4.088433451666665E7
196, 4.009999599666666E7
866, 3.951047259833334E7
260, 3.9916834443333335E7
451, 3.822495291500001E7
676, 4.0470334895E7
736, 4.1784250111666664E7
452, 4.002132275166667E7
355, 4.027920393833333E7
2, 4.0891117318333335E7
68, 3.871148550666666E7
4, 3.845839218E7
800, 4.1119727269999996E7
386, 3.9057693383333325E7
740, 3.9931514105E7
229, 3.910172718666666E7
805, 3.9010830389999986E7
709, 3.965729512333333E7
580, 4.024817093666666E7
613, 4.071357787333332E7
674, 3.923286998833332E7
517, 3.983013479666666E7
224, 3.9157958633333325E7
292, 4.122564571833333E7
901, 4.155876988666666E7
133, 3.9822896008333325E7
772, 4.046046382E7
610, 4.0028670355E7
37, 4.051930682666666E7
512, 3.8448510741666675E7
166, 4.013235032333332E7
262, 3.9705406898333326E7
932, 3.830330489666667E7
38, 4.123778636333334E7
325, 4.0164098394999996E7
518, 4.1099441044999994E7
322, 4.1199457574999996E7
326, 3.8721491305E7
997, 4.019122960166666E7
644, 3.863118003666666E7
614, 3.8634884928333335E7
416, 3.8643481313333325E7
646, 3.8003545480000004E7
421, 4.1240465285E7
962, 4.094883590333332E7
964, 3.946854255166666E7
550, 4.025771556666666E7
295, 4.0599363576666676E7
775, 3.8928110263333336E7
487, 4.148378080666666E7
422, 3.7383248163333334E7
967, 4.0592083335E7
448, 4.1029519635E7
356, 4.089197229333333E7
871, 4.076066367833333E7
226, 3.9055667351666674E7
998, 4.0410849361666664E7
391, 3.876434368833333E7
583, 3.8821352385000005E7
358, 3.910135410666666E7
100, 3.947547043999999E7
199, 4.1151610065E7
802, 3.9711365815000005E7
328, 3.990449689500001E7
424, 3.966728537666666E7
454, 4.0519223919999994E7
520, 3.900698041166667E7
103, 3.9262125678333335E7
584, 4.003788854E7
836, 3.911790435E7
488, 4.069429171E7
7, 3.849470011833333E7
838, 3.818070666333333E7
712, 4.058733174666667E7
514, 3.7416270925E7
104, 4.006953297833333E7
679, 4.206643331499999E7
388, 3.9337119940000005E7
134, 4.0156766336666666E7
232, 3.965264716833333E7
553, 3.804540816499999E7
73, 4.0632049529999994E7
457, 3.884568031E7
808, 4.022739245333334E7
745, 3.9467241953333326E7
98, 3.9061802445E7
742, 3.836685285666666E7
265, 3.941051306666666E7
484, 4.113419966500001E7
616, 3.9828585478333324E7
841, 3.782902176499999E7
937, 4.0296666155E7
136, 4.190187394500001E7
902, 4.184175106666667E7
169, 3.892257106166666E7
868, 3.853635553666666E7
362, 3.997574481166666E7
554, 3.8959391985E7
296, 4.040482826499999E7
874, 4.0087803535E7
649, 3.8995000398333326E7
778, 4.010080433666667E7
710, 3.963142306166666E7
938, 4.3407469375E7
361, 4.271862897166667E7
40, 3.9075533861666664E7
170, 4.203839531666667E7
548, 4.064979673833332E7
458, 3.970745365666666E7
70, 4.221199669500001E7
872, 3.909627607333333E7
202, 4.0719433156666666E7
235, 4.075063197166666E7
523, 3.946962552E7
907, 4.0316258036666654E7
394, 4.112777958E7
619, 3.948963711666666E7
8, 3.9985947513333336E7
331, 4.052360760999999E7
806, 3.680740954666666E7
298, 4.078504860166666E7
715, 4.121439113833333E7
427, 3.9940799651666656E7
682, 4.296692407499999E7
776, 3.986039572999999E7
811, 3.920163490166666E7
934, 3.8042656699999996E7
460, 3.8879563228333324E7
556, 3.922105060666667E7
74, 4.071858336333332E7
332, 3.967437389666667E7
43, 3.9969972435E7
652, 3.946512783333333E7
1000, 3.7482523714999996E7
44, 3.983318679833335E7
139, 3.940161096333333E7
650, 4.1325859151666656E7
844, 4.1526840456666656E7
230, 3.806365281333332E7
748, 4.0283230093333334E7
200, 4.0164979278333336E7
266, 4.029583708833333E7
716, 4.1667854333333336E7
973, 3.957893795999999E7
685, 3.8257597415E7
589, 4.196456692999999E7
172, 4.058533162333333E7
301, 3.914161565666666E7
490, 4.073570877166666E7
877, 4.128364411333332E7
392, 3.914203537166667E7
908, 4.0207748754999995E7
205, 3.932142985333333E7
397, 3.91646948E7
524, 3.973862138166666E7
746, 4.0956292321666665E7
781, 4.085163819999999E7
904, 4.086089783833334E7
206, 4.197315813333333E7
622, 3.953016811333332E7
268, 3.985540578499999E7
302, 4.034686614166666E7
109, 4.002437475333333E7
782, 4.0357105114999995E7
586, 4.0129215415E7
590, 3.7213947568333335E7
493, 3.8667643425000004E7
620, 4.190486376666667E7
910, 3.995680581999999E7
680, 4.116064689166667E7
718, 4.1877898373333335E7
13, 4.1192773225E7
970, 3.8617868335E7
364, 4.1856513635000005E7
398, 4.236841048499999E7
463, 4.014344427166667E7
79, 4.080574935999999E7
847, 3.9394154544999994E7
494, 3.810682645999999E7
271, 3.927245792166666E7
968, 3.937673378166666E7
140, 4.009206804666666E7
367, 4.137470672333333E7
10, 4.2298489074999996E7
238, 3.994686220166667E7
751, 3.8113821709999986E7
175, 3.890344034833334E7
334, 4.0071476103333324E7
76, 4.037534976333333E7
943, 4.075871018999999E7
106, 4.129781079000001E7
368, 3.9208153438333325E7
592, 4.1760409263333336E7
46, 4.1217862855000004E7
976, 4.1062236678333335E7
655, 4.096497679499999E7
176, 3.9150512578333326E7
940, 3.9669503129999995E7
16, 4.0318708964999996E7
559, 4.0006668998333335E7
526, 3.981412862833334E7
560, 3.894702852833333E7
842, 3.8674778580000006E7
784, 3.9994906615E7
812, 4.207682773833334E7
686, 3.9597141155E7
688, 4.084210393333333E7
241, 3.747840429000001E7
817, 4.053139047333334E7
529, 3.9673746915E7
944, 3.820571338666666E7
625, 3.918861337333332E7
14, 3.825381479833334E7
49, 4.022480680166666E7
428, 3.9799029251666665E7
272, 3.8435644663333334E7
913, 4.108505673833332E7
145, 3.921477042666667E7
80, 4.074317555333333E7
878, 4.1465147533333324E7
721, 3.990087490999999E7
236, 3.984885615833333E7
146, 4.064089981666667E7
466, 3.975090711333332E7
752, 4.000009346333333E7
338, 3.930144416499999E7
433, 4.0387982666666664E7
242, 3.997690032333333E7
974, 3.846751191333333E7
626, 4.023321664666667E7
337, 4.045144253833332E7
880, 3.960650960833333E7
434, 3.962148462500001E7
562, 4.0526794335E7
110, 4.109052339666666E7
112, 3.995882148833333E7
178, 3.864507208499999E7
691, 4.1225283001666665E7
883, 4.009143070166666E7
211, 3.9433265765E7
850, 3.988913843500001E7
979, 4.0017021968333334E7
848, 4.1004792721666664E7
403, 4.0972101586666666E7
430, 3.9037272434999995E7
370, 3.742230756666667E7
499, 4.139917455333333E7
307, 3.9708075456666656E7
530, 4.046579575499999E7
496, 4.002713139999999E7
115, 3.993360231666667E7
814, 3.872540346333334E7
884, 4.0600975074999996E7
212, 3.9143859318333335E7
274, 4.045605940333334E7
340, 3.980953249E7
787, 4.0962116515E7
788, 4.0127806001666665E7
400, 4.120541649166666E7
820, 3.920175408E7
19, 3.922955372166667E7
722, 3.963045927166667E7
52, 3.694607094666667E7
142, 3.9065325978333324E7
148, 3.981395245166666E7
595, 4.024572518999999E7
656, 4.167173021999999E7
82, 3.942675241E7
596, 4.034190728666667E7
565, 4.249203468833333E7
853, 4.061028134833334E7
949, 4.015799439166666E7
404, 3.954004437E7
757, 4.046811714166666E7
818, 4.039368768166667E7
181, 4.030063531166666E7
208, 3.8494166406666666E7
436, 3.994761354333333E7
85, 4.1332755949999996E7
661, 4.129410589833333E7
244, 3.863820119499999E7
754, 4.0590290478333324E7
373, 4.015967325166667E7
304, 3.8686945133333325E7
278, 4.0765062913333334E7
982, 4.022581722666667E7
308, 4.0762658620000005E7
118, 3.971251096333333E7
277, 4.035945240999999E7
566, 4.0905600076666676E7
914, 4.2434595913333334E7
86, 4.005959454166666E7
469, 3.93919627E7
116, 3.869371238999999E7
950, 4.145111039833333E7
464, 4.1400589148333326E7
374, 4.005282210333334E7
658, 3.885982107833334E7
500, 4.1378753605E7
790, 3.994285159166667E7
919, 4.219431684833333E7
631, 3.892297523166667E7
535, 3.998388520999999E7
854, 3.767608487333333E7
55, 4.222564520500001E7
980, 3.932440413E7
151, 4.027711572666667E7
50, 3.794791510666668E7
310, 4.002414676E7
247, 3.862873429E7
439, 4.077942649333333E7
694, 4.067648750333334E7
20, 4.077580968999999E7
727, 3.8533127358333334E7
946, 3.958724417166667E7
664, 3.876453541E7
856, 4.1797639538333334E7
502, 4.091656966500001E7
952, 4.031033020999999E7
823, 3.958305220333333E7
184, 4.003791444833333E7
628, 4.235338883333333E7
472, 3.8709889553333335E7
343, 4.078000683999999E7
758, 4.006471402833333E7
88, 4.2393235849999994E7
440, 3.9122117044999994E7
724, 3.9145564086666666E7
406, 4.179907485999999E7
920, 3.859119829666666E7
409, 4.079634981666666E7
121, 3.832087592833333E7
889, 4.093553456499999E7
728, 3.828834024333333E7
313, 4.098887464166666E7
598, 3.925212506166667E7
697, 3.928194037166666E7
532, 3.958359627833334E7
152, 4.067660668166665E7
601, 3.9932348353333324E7
505, 4.0462650483333334E7
760, 3.995555185666667E7
470, 4.238099675333332E7
25, 3.9212469766666666E7
692, 3.9131070965E7
826, 3.997568263166667E7
602, 3.8938665318333335E7
824, 4.0012876635000005E7
26, 3.836323087166667E7
985, 4.031509216166667E7
346, 3.8242228591666654E7
214, 4.0204639754999995E7
58, 3.911782144333334E7
217, 3.9958562405E7
56, 3.8272370346666664E7
250, 4.026355530499999E7
916, 4.012467627499999E7
314, 3.9904683435E7
793, 4.011591407666667E7
22, 4.103407432E7
344, 3.937301334499999E7
634, 4.337076244833333E7
571, 4.046833477166666E7
763, 3.8625905099999994E7
667, 3.9377169041666664E7
506, 4.0625722715E7
187, 3.851589831666666E7
248, 4.0999139523333326E7
91, 3.880918064999999E7
662, 3.924889688333333E7
538, 3.976099581833334E7
475, 3.9940224486666664E7
955, 3.8971330544999994E7
410, 3.735435519E7
632, 3.815157015166665E7
283, 3.975301605166666E7
182, 4.024967362E7
700, 4.162073225666667E7
92, 4.243535243666667E7
442, 3.8301569038333334E7
188, 3.9709935675E7
379, 4.003069120499999E7
668, 4.118005741500001E7
280, 3.802799776499999E7
380, 4.0428487755E7
859, 4.060630182833333E7
698, 3.961761910166667E7
796, 3.8656285211666666E7
886, 4.1291525428333335E7
604, 4.035697557333333E7
568, 3.925056538E7
122, 4.054828270666668E7
28, 3.981985955166667E7
829, 4.2067055114999995E7
541, 4.167509830333333E7
253, 4.091462135833333E7
860, 3.9942457785E7
445, 3.980588459666667E7
154, 4.095848416666665E7
61, 4.039818018666667E7
376, 4.061435413833332E7
956, 3.815569475833334E7
157, 4.117596389833332E7
637, 4.2357238811666675E7
220, 3.9095405553333335E7
794, 4.0154647035E7
733, 3.738370415E7
536, 3.90070685E7
574, 3.7600023188333325E7
190, 4.104085712166666E7
508, 3.738580790666666E7
350, 4.193898504166667E7
349, 3.899304691E7
542, 3.9377697571666665E7
730, 4.1583859516666666E7
382, 4.045493498166667E7
925, 3.8674312230000004E7
892, 4.076477792166666E7
734, 4.041110326333333E7
670, 4.112690906E7
986, 4.0032556605000004E7
412, 3.8415809243333325E7
958, 4.1518684513333336E7
223, 4.114281159499999E7
31, 3.932988633333333E7
127, 4.142273559166666E7
478, 3.935378417999999E7
799, 3.8731175839999996E7
572, 4.092663764333332E7
895, 4.1154858969999984E7
922, 4.079256201833333E7
158, 3.963881211833333E7
607, 4.1377095471666664E7
511, 3.950261719166667E7
62, 4.059950866333334E7
476, 3.8792967214999996E7
703, 4.032558503666666E7
218, 3.884987227833332E7
, 2.4798152959333336E8
160, 3.945935545666666E7
766, 3.867356088833333E7
64, 3.909549882333334E7
991, 4.0987698403333336E7
352, 3.7848582556666665E7
284, 3.8866303343333334E7
640, 4.023938801166666E7
415, 4.0476179815E7
446, 4.214687868999999E7
832, 4.120396044333333E7
890, 4.0756549435E7
704, 4.2179284833333336E7
319, 3.950964871333334E7
316, 3.9225418751666665E7
286, 4.037049454166667E7
896, 4.1411843728333324E7
1, 3.983797983999999E7
193, 4.018381463666668E7
673, 4.245842121666666E7
256, 3.891562762833333E7
865, 4.139748014833333E7
830, 4.0148055955E7
97, 4.1022218666666664E7
764, 4.1145734055E7
992, 4.0663279434999995E7
577, 4.030749583833332E7
289, 4.0286064465E7
320, 4.053847381166666E7
254, 4.241059443333333E7
481, 4.160092274499998E7
988, 3.968486677166665E7