1	39.6613453
2	39.52929776
4	36.92678931
7	36.096813
8	38.82371445
10	37.81455317
13	38.22480374
14	38.88852816
16	38.06694918
19	40.07445273
20	39.25420757
22	36.73891629
25	37.32017628
26	40.23813583
28	37.42299584
31	39.06725369
32	39.11559674
34	41.17893932
37	38.92723917
38	39.56906148
40	39.1626403
43	40.25062348
44	39.8540654
46	39.46155453
49	36.93233617
50	40.48944834
52	38.90979046
55	40.48360295
56	39.607629
58	37.57861288
61	39.0116092
62	36.97683538
64	39.47828385
67	39.01369447
68	38.21541539
70	38.78401326
73	38.76690295
74	37.49669748
76	38.93462384
79	41.69774727
80	39.79963991
82	40.16230144
85	38.46621101
86	39.08286721
88	38.61068631
91	41.85900241
92	37.85200622
94	36.05111148
97	38.92958222
98	39.61383779
100	40.78487081
103	38.97787956
104	39.3976293
106	40.0235579
109	38.43390675
110	37.72950011
112	38.64971576
115	36.99842388
116	37.49602985
118	37.77695344
121	40.24791368
122	39.36617589
124	37.93701025
127	40.09542085
128	40.41391969
130	35.72898878
133	38.8433229
134	37.14237109
136	39.29682961
139	40.777979
140	37.45585041
142	37.84743215
145	37.26419838
146	37.52520291
148	38.01511516
151	39.67804756
152	39.27159155
154	39.1482512
157	39.6829531
158	37.71734848
160	37.28790593
163	35.45231844
164	40.32637775
166	38.6024019
169	39.14188237
170	37.89815202
172	39.25650208
175	37.81886062
176	38.523557
178	38.02854534
181	37.87364018
182	38.08463254
184	37.12683131
187	38.93045115
188	39.73495213
190	38.60564602
193	39.70490584
194	38.61624413
196	40.06412538
199	39.8333147
200	37.78205896
202	40.00160508
205	37.62976834
206	38.79127762
208	38.13593929
211	37.67875974
212	39.00987004
214	39.80187827
217	40.65921643
218	41.53803997
220	37.59273781
223	37.25586989
224	39.02225173
226	36.41529661
229	40.63637992
230	39.13224326
232	37.59816684
235	37.87801722
236	37.73135177
238	39.18600971
241	38.82943721
242	40.28750165
244	39.90011746
247	39.17294545
248	38.04822157
250	36.29942346
253	38.53320267
254	39.60223518
256	39.38730757
259	39.94167488
260	37.03391898
262	36.28231153
265	38.38613863
266	40.19409764
268	37.83321303
271	38.15014368
272	38.63058702
274	38.26221738
277	37.92526627
278	37.94982283
280	38.07908851
283	37.64661322
284	39.40043749
286	36.43998136
289	39.09123904
290	36.31881832
292	41.37890399
295	40.67618318
296	37.2265364
298	37.62788349
301	38.55049626
302	38.13627227
304	39.21490748
307	38.77171962
308	37.68581925
310	38.57670518
313	37.36638723
314	38.7541165
316	40.88196818
319	38.92210691
320	36.49071206
322	38.42076948
325	38.66342238
326	41.86710111
328	38.32202837
331	39.97305664
332	37.45175413
334	37.94220438
337	38.1802307
338	38.72413704
340	40.71545979
343	39.89108941
344	38.7043226
346	35.94486623
349	37.08555168
350	36.26846713
352	37.4611659
355	38.50321664
356	40.30737651
358	37.93542154
361	40.68606324
362	38.35844874
364	39.36993335
367	37.11893799
368	37.45975705
370	37.0358037
373	36.33179891
374	38.74582235
376	38.42770076
379	41.10354743
380	37.89219591
382	35.98391827
385	35.61763993
386	36.91883963
388	39.04629653
391	40.11751301
392	39.97808361
394	37.73431019
397	40.69712119
398	38.68244131
400	38.55580654
403	36.88917359
404	38.1614515
406	35.1015068
409	36.33214739
410	37.95151225
412	38.05947735
415	38.05354374
416	36.63143693
418	37.13949493
421	37.34057883
422	37.79023202
424	37.4351517
427	36.79523869
428	38.12585654
430	37.76103679
433	39.31166928
434	39.15593215
436	39.54672858
439	37.4993955
440	37.09552744
442	39.47692626
445	36.98813051
446	40.60361676
448	37.18000804
451	37.41781528
452	38.13332735
454	39.21239354
457	39.80606959
458	39.73623341
460	39.29217329
463	37.08726369
464	38.8898357
466	36.50027829
469	39.16345946
470	36.37905996
472	38.30054984
475	39.1769707
476	37.47076274
478	38.10303333
481	37.75047982
482	37.87236219
484	38.64450514
487	38.32629617
488	37.80653103
490	40.09971243
493	39.06947184
494	39.92447567
496	38.75746349
499	36.74287601
500	38.55056561
502	38.54304197
505	36.11598733
506	39.5414336
508	42.35627768
511	38.43665777
512	38.23969084
514	37.2697478
517	37.37702016
518	38.93242201
520	37.23708417
523	37.98781574
524	37.41257528
526	34.99100592
529	38.47688213
530	37.47339504
532	39.11659529
535	37.90100719
536	38.29632692
538	39.22292429
541	37.38269268
542	37.15173257
544	37.2810933
547	40.67683241
548	38.73551536
550	37.98296254
553	38.82910742
554	37.43724584
556	37.73328667
559	39.91865751
560	39.43503299
562	36.000731
565	36.62286762
566	37.13046357
568	40.06387358
571	41.28947509
572	39.54779785
574	42.40222964
577	37.68387901
578	40.38202505
580	37.34732115
583	38.17980925
584	39.14627222
586	39.96561891
589	39.03095514
590	39.18555658
592	39.08048232
595	36.31416634
596	38.25038573
598	39.69826106
601	38.96353149
602	40.30803153
604	35.54461646
607	39.24164252
608	37.4819849
610	39.04817498
613	38.61847859
614	39.773069
616	37.11178336
619	38.83600693
620	40.44756787
622	39.124316
625	38.18363765
626	41.35921277
628	36.7371958
631	37.218886
632	35.30844402
634	38.74408369
637	39.33100661
638	38.83682089
640	39.49662499
643	37.39381679
644	38.17343044
646	40.05618186
649	40.74923168
650	37.28556098
652	39.19267872
655	37.50726371
656	39.67629642
658	37.01999737
661	37.98496135
662	36.29347719
664	40.19006851
667	40.96843509
668	38.4432684
670	37.65095619
673	38.90520575
674	37.91154842
676	38.18083612
679	35.96029484
680	40.46620271
682	37.61420091
685	39.26649418
686	40.0306025
688	37.64166922
691	38.65258476
692	40.61013897
694	39.29388268
697	37.13502084
698	39.72293244
700	38.87472281
703	38.36131124
704	37.55061374
706	41.76330722
709	38.5212215
710	40.71731836
712	38.18764333
715	38.75547752
716	37.022805
718	38.47202454
721	37.52102205
722	36.68365952
724	38.65497046
727	38.14545727
728	41.00562952
730	38.45671935
733	34.73159888
734	40.03440456
736	37.65034941
739	37.43675286
740	39.83237599
742	38.94221766
745	38.55570214
746	37.95757717
748	38.4819437
751	36.39690276
752	39.81698926
754	37.42819795
757	38.86181188
758	40.09793489
760	37.54718744
763	38.19359061
764	40.62350811
766	36.57472812
769	39.42198595
770	42.65260757
772	42.03560395
775	38.16177726
776	35.2588725
778	39.38020105
781	37.91229104
782	38.44483873
784	39.39117381
787	37.40435588
788	37.88000075
790	38.83524267
793	39.43810394
794	35.95518264
796	39.47040216
799	36.26946115
800	39.53036863
802	38.39884179
805	37.84401692
806	37.35590003
808	40.16213558
811	40.27673524
812	39.09127242
814	38.43605918
817	38.92366967
818	37.99830581
820	41.84516123
823	38.62624269
824	38.70161778
826	38.46008975
829	35.71161709
830	40.10941144
832	38.69561296
835	38.85249974
836	37.9861941
838	38.39608829
841	35.94818045
842	37.01673492
844	40.16022869
847	37.66914639
848	40.07174272
850	38.2338289
853	38.04745946
854	41.68795118
856	36.48605717
859	37.01416591
860	38.92301098
862	36.85190406
865	38.98907736
866	37.52302506
868	40.15482566
871	37.89541978
872	37.9007127
874	39.4996295
877	37.61899744
878	38.93355729
880	37.55968438
883	38.03085759
884	38.45392646
886	39.53016983
889	36.76428594
890	38.40289543
892	35.50388819
895	39.65931581
896	41.42852304
898	36.35209241
901	37.73962598
902	38.15979497
904	36.04725711
907	39.4130564
908	40.73365072
910	38.63966825
913	40.25517824
914	38.42076206
916	37.88136861
919	40.03985058
920	40.41957868
922	40.28692143
925	39.40458306
926	38.04225083
928	38.99078145
931	42.61743545
932	38.84739967
934	37.43829045
937	37.50904823
938	37.71707741
940	38.26122016
943	40.27991941
944	41.13678806
946	37.93895511
949	38.40422301
950	39.66024449
952	38.33570136
955	39.02861719
956	39.82733327
958	37.71080593
961	38.54443983
962	39.41860012
964	39.21774913
967	39.70499655
968	39.00579788
970	42.53062536
973	39.41069557
974	38.90259478
976	37.94666683
979	39.46225448
980	39.21249986
982	37.52195913
985	40.01592066
986	37.72846757
988	37.74903587
991	38.07060379
992	40.10447879
994	36.90866218
997	35.87114546
998	39.99999265
1000	38.09214499