1	37.85548449
2	40.70267247
4	38.74747165
7	36.39964873
8	41.40060519
10	37.13915778
13	40.24619968
14	39.29908931
16	37.95199637
19	38.46398878
20	38.40584433
22	42.81940207
25	41.35746297
26	41.68610317
28	35.92754073
31	37.19433012
32	36.3012033
34	38.2896988
37	39.99633472
38	37.2385507
40	37.1709534
43	38.42208641
44	37.31474667
46	38.30299767
49	37.67644325
50	36.8393812
52	37.59758319
55	40.46091575
56	37.7984941
58	38.28185362
61	36.980293
62	37.39852881
64	35.58518942
67	39.50861324
68	38.01281339
70	38.477623
73	38.60192334
74	39.99278634
76	37.87385242
79	39.33660962
80	39.72728084
82	37.49966877
85	38.71294935
86	37.64676889
88	39.28486062
91	39.26138958
92	38.51790502
94	37.04284526
97	36.93305471
98	37.67006816
100	37.53012922
103	37.42596603
104	39.79262535
106	42.33803538
109	41.84248564
110	39.81085649
112	37.22475807
115	40.66954559
116	37.310701
118	37.21698016
121	40.60378138
122	39.16836188
124	39.36114159
127	39.05182543
128	39.33112586
130	35.68574983
133	40.37572212
134	39.29817409
136	39.2576888
139	41.53751974
140	37.51570599
142	40.71682745
145	37.395285
146	36.77223186
148	40.24813909
151	37.41650898
152	38.20080471
154	37.60190362
157	39.47297008
158	37.32719517
160	37.99879739
163	36.9347119
164	39.79854303
166	38.61137387
169	37.86806833
170	39.96328181
172	38.58468316
175	38.79484996
176	36.45557053
178	39.55887973
181	37.73983016
182	37.19285951
184	38.15127859
187	40.74212302
188	38.92889153
190	37.19275651
193	41.12520228
194	38.8769072
196	35.88720803
199	40.04063905
200	38.2764242
202	38.39666842
205	38.2147402
206	37.89232802
208	37.73659815
211	39.94041156
212	36.64649744
214	39.97186934
217	37.65076248
218	38.93749853
220	39.21045132
223	38.86535434
224	37.94273023
226	40.80230627
229	38.88179166
230	39.7929756
232	36.91906569
235	38.97484475
236	39.9750385
238	42.11476725
241	38.36955444
242	36.73927498
244	39.10298925
247	38.44214893
248	43.59885759
250	37.15323602
253	40.82542947
254	38.50237413
256	39.56340232
259	37.70423624
260	36.61220435
262	38.45837053
265	37.5780018
266	38.20801604
268	38.63430361
271	40.92835384
272	40.53626759
274	36.56518199
277	39.84297922
278	36.67662332
280	39.51995431
283	38.42784496
284	38.53348762
286	38.940766
289	37.10131531
290	38.97852532
292	43.3133012
295	38.23769773
296	37.83010416
298	39.98796544
301	37.7698353
302	37.09362647
304	37.77224228
307	37.27813763
308	36.48720903
310	41.14728448
313	37.50201696
314	39.76889053
316	40.96614107
319	38.81296088
320	38.96119213
322	39.10943322
325	35.99326878
326	39.14328868
328	39.39478847
331	36.59160045
332	37.73623764
334	38.898864
337	38.17392504
338	38.96530957
340	37.29009733
343	43.41127268
344	38.45093552
346	37.31959247
349	40.2542308
350	37.2937709
352	36.40385226
355	37.81242568
356	41.6962909
358	40.53531728
361	38.74046398
362	39.00661634
364	40.49970093
367	35.9508922
368	37.74496772
370	38.93532144
373	38.62074148
374	37.8373443
376	40.26958645
379	38.86554323
380	40.50998479
382	39.32094519
385	39.40539824
386	37.8767839
388	38.80959354
391	37.64296735
392	39.52893817
394	37.38759866
397	39.71860467
398	38.81337918
400	37.23877373
403	36.13707135
404	37.79777563
406	37.08592129
409	36.74624718
410	37.03708678
412	39.81940476
415	36.59933527
416	38.38844358
418	38.58078929
421	43.43525644
422	41.09177451
424	38.49952175
427	38.56785716
428	37.53877617
430	38.01157518
433	35.9415097
434	36.46712984
436	38.53537116
439	37.93316914
440	38.67955018
442	37.92480504
445	38.06108166
446	39.88860836
448	38.81897339
451	37.46993488
452	39.26105025
454	44.16972787
457	41.08634871
458	39.19321094
460	37.21025627
463	38.25903377
464	40.15651102
466	37.95403246
469	38.54457229
470	39.27118665
472	38.88323962
475	38.202731
476	38.05209943
478	35.82671657
481	38.32834452
482	40.45911247
484	40.09496879
487	39.44545998
488	38.31261227
490	40.77093892
493	38.09622928
494	38.80560407
496	39.68127681
499	37.03900264
500	38.91943195
502	39.35368582
505	35.78109322
506	38.17464256
508	35.78487548
511	37.40698703
512	40.10210103
514	37.43335172
517	38.13769267
518	40.67867496
520	38.91513175
523	37.84548819
524	39.08811987
526	38.24219636
529	39.64324676
530	39.07568773
532	41.77084148
535	37.49176999
536	40.80995238
538	37.70113064
541	37.81049719
542	39.67949388
544	39.5965191
547	38.84068371
548	36.92390255
550	40.88019748
553	38.73838349
554	38.22562855
556	38.5459157
559	36.75862054
560	39.3236702
562	38.06467297
565	39.44100134
566	38.2137106
568	41.25852795
571	38.44914739
572	41.53764399
574	40.81017284
577	37.17099007
578	38.94409124
580	39.08736111
583	38.39449182
584	38.08125296
586	41.03497051
589	41.51926062
590	38.5098501
592	37.85092278
595	36.74840927
596	39.7493942
598	40.35779259
601	37.41501906
602	37.09979063
604	36.06383169
607	39.55668058
608	39.98099567
610	38.68882733
613	39.79725782
614	39.37856906
616	39.10217028
619	41.91868914
620	39.78075249
622	38.37400542
625	36.9632316
626	39.17762044
628	37.75403826
631	35.91637928
632	35.69456413
634	39.94944167
637	38.72262805
638	41.26993793
640	38.95428352
643	40.98957373
644	38.24925089
646	37.67515173
649	38.59507061
650	38.08633959
652	38.7795564
655	38.98749367
656	38.91238115
658	38.43805404
661	37.326632
662	40.36660208
664	38.74852998
667	37.11249254
668	37.85247849
670	38.78623332
673	42.05078908
674	39.74458156
676	35.07137622
679	36.87349178
680	40.45365064
682	36.75695889
685	39.02408055
686	40.30646681
688	36.32783449
691	38.01199081
692	37.73529483
694	38.22161661
697	36.11990157
698	40.40205641
700	40.04848871
703	37.45272068
704	37.98337733
706	38.50889459
709	39.20535382
710	39.26363476
712	38.76511807
715	36.4543626
716	40.34048856
718	40.63760187
721	37.02823896
722	36.56405817
724	38.59581511
727	37.53276211
728	38.41995223
730	37.22094778
733	36.08775236
734	39.30816649
736	40.24424783
739	37.48343847
740	41.17709181
742	38.40620543
745	40.39707019
746	38.10846721
748	37.72590139
751	38.90634922
752	37.95448667
754	37.24575831
757	37.48753413
758	40.02010225
760	36.924058
763	39.54277467
764	40.85670078
766	41.67686618
769	36.53690443
770	41.82390298
772	40.37870365
775	37.16641253
776	37.12625143
778	42.87608844
781	35.52978823
782	37.39174621
784	41.2776114
787	37.30772353
788	37.64463767
790	36.62292998
793	39.91232559
794	36.90556066
796	36.26460744
799	37.87216007
800	37.57474899
802	41.23094275
805	38.74556351
806	39.01355083
808	39.44539659
811	40.66263207
812	36.97199968
814	37.46417965
817	40.69413666
818	37.50504163
820	39.23784467
823	37.42092388
824	41.17990553
826	38.76444901
829	36.80443242
830	39.14929161
832	34.60127256
835	40.41258352
836	39.55619951
838	40.82832715
841	37.7319123
842	36.70766329
844	38.47255602
847	38.81272508
848	41.86830639
850	39.55364632
853	37.6546309
854	38.14821978
856	38.38306219
859	40.05636971
860	37.84700959
862	37.2507889
865	39.50757195
866	37.29727426
868	40.21872444
871	38.93322022
872	41.21865806
874	35.41387532
877	38.15037521
878	39.40878607
880	35.98579791
883	38.09351297
884	39.31413934
886	39.28010684
889	38.36451696
890	38.83571663
892	37.03673015
895	39.54371722
896	41.94482671
898	39.6166247
901	39.69681661
902	36.87974648
904	37.62247817
907	38.71039638
908	36.91267909
910	38.55360204
913	39.85519352
914	39.16585945
916	36.96036883
919	39.68062365
920	42.09011934
922	37.22338795
925	39.46232023
926	38.23519438
928	41.30865831
931	36.73413905
932	37.95467007
934	37.83173868
937	39.82289635
938	38.27052156
940	37.3918417
943	38.02694511
944	38.54183526
946	38.34137014
949	39.19648733
950	39.65433363
952	38.76069689
955	40.18818085
956	38.94333387
958	38.0880935
961	40.56341426
962	38.47276866
964	36.76868846
967	37.90312708
968	37.16791625
970	40.59889929
973	39.6623113
974	40.89147345
976	37.9041734
979	38.97725357
980	38.52196404
982	37.06217669
985	39.93370958
986	42.12983342
988	37.88653222
991	36.90732036
992	40.60045517
994	37.12705544
997	36.62838746
998	40.60640052
1000	37.14916296