1	1092394
2	1110924
4	1064140
7	1142290
8	1117003
10	1042510
13	1044240
14	1050820
16	1082828
19	1055498
20	1044415
22	1085136
25	1004715
26	1056598
28	1061633
31	1126597
32	1087918
34	1040012
37	1071667
38	1026494
40	1013724
43	1054461
44	1046581
46	1100627
49	1110126
50	1094853
52	1125316
55	1111994
56	994911
58	1038152
61	1060009
62	1085599
64	1069419
67	1067765
68	1121338
70	1106899
73	1091585
74	1031727
76	1113103
79	1114150
80	1060361
82	1121565
85	1049871
86	1063789
88	1133241
91	1086581
92	1046411
94	1144727
97	1091318
98	1024005
100	1139823
103	1091566
104	1106641
106	1070438
109	1033525
110	1085523
112	986028
115	1053337
116	1130175
118	1091177
121	1018810
122	1081327
124	1023711
127	1072546
128	1109106
130	1109841
133	1140992
134	1092796
136	1075821
139	1122135
140	1111436
142	1080960
145	1041766
146	1126456
148	1066880
151	1000512
152	1064624
154	1041864
157	1162633
158	1079482
160	1025371
163	1086296
164	1068882
166	1158100
169	1057642
170	1049564
172	1129095
175	1133067
176	1069997
178	1109719
181	1100674
182	1132348
184	1087343
187	1140509
188	1089944
190	1075532
193	1055213
194	1090606
196	1105349
199	1070592
200	1089334
202	1025098
205	1029044
206	1104547
208	1175470
211	1039637
212	995340
214	1099412
217	1050630
218	1067191
220	1080705
223	1037197
224	1045225
226	1019745
229	1091309
230	1170294
232	1159095
235	1142888
236	1110796
238	1106631
241	1088410
242	1110915
244	1103038
247	1056682
248	1056867
250	1069962
253	1047115
254	1018983
256	1013945
259	1044102
260	1079628
262	1061817
265	1126084
266	1039031
268	1028024
271	1034875
272	1019576
274	1063735
277	1091949
278	1101839
280	992169
283	1049708
284	1098635
286	1082039
289	1102858
290	1088518
292	1150039
295	1011136
296	1099255
298	1087990
301	1140094
302	1038118
304	1050090
307	1055982
308	1039160
310	1016067
313	1101197
314	1051313
316	1079736
319	1103662
320	1061554
322	954907
325	1028207
326	1028228
328	1019784
331	1018145
332	998906
334	1060944
337	1095518
338	1041974
340	1091117
343	1121690
344	1009412
346	1080331
349	1073018
350	1021634
352	1125305
355	1092489
356	1095326
358	1050928
361	1085006
362	1043894
364	1079390
367	1074526
368	1085969
370	1147987
373	1114101
374	1077671
376	1056984
379	1057531
380	1048007
382	1071330
385	1136477
386	1060376
388	1059275
391	1036007
392	1070516
394	1051969
397	977258
398	1008739
400	1009601
403	1029565
404	1068815
406	1031361
409	1012283
410	1010095
412	1099343
415	1137369
416	1064905
418	1076255
421	1065791
422	1074932
424	1139045
427	1036407
428	1070062
430	1095517
433	1040872
434	1050397
436	1092491
439	1049065
440	993904
442	1127169
445	1151538
446	1096830
448	1052031
451	1036021
452	1031596
454	1048361
457	1085448
458	1061458
460	1047370
463	936765
464	1063285
466	1098646
469	1008763
470	1142885
472	1123145
475	1046290
476	1037516
478	1105187
481	1076080
482	1125079
484	1161544
487	1081721
488	1089528
490	950355
493	1023206
494	1111171
496	1074248
499	1116430
500	1075800
502	1144314
505	1039753
506	1064515
508	1012465
511	1021274
512	1074925
514	1092103
517	1127958
518	1100925
520	1212425
523	1080467
524	1074747
526	1034784
529	1059015
530	983810
532	1037171
535	1111383
536	1042563
538	1119989
541	1065413
542	1122138
544	1069529
547	1005663
548	1102126
550	1124764
553	1095736
554	1082024
556	991756
559	1054108
560	993840
562	1104919
565	1065601
566	1087053
568	1086565
571	1065487
572	1104268
574	1007906
577	1000603
578	1100581
580	1048538
583	1146274
584	1039391
586	1077116
589	1090051
590	982825
592	1091847
595	1051307
596	1066395
598	1071719
601	1055287
602	1125705
604	1063814
607	1039642
608	1067413
610	1059299
613	1130863
614	971878
616	1081250
619	1064822
620	1162693
622	1026348
625	997681
626	1102594
628	1081422
631	1022845
632	1186539
634	1115123
637	1101692
638	1152745
640	1065618
643	1068074
644	1051852
646	1030740
649	1047928
650	1059831
652	1140892
655	1122588
656	1073985
658	1127408
661	1073744
662	1180618
664	1092798
667	990223
668	1126355
670	1080438
673	1098598
674	1026324
676	1002722
679	1116104
680	1079147
682	1052916
685	1048243
686	1048153
688	1140559
691	1091423
692	1097117
694	1075112
697	1108822
698	1095552
700	1114863
703	1084807
704	1017386
706	983681
709	1041756
710	1077811
712	1083283
715	1056866
716	1054095
718	1096616
721	1026266
722	1009199
724	1122659
727	1034453
728	1048007
730	1044212
733	1003040
734	1039865
736	1043685
739	1061791
740	1037939
742	1034010
745	1003713
746	1111796
748	1138726
751	1115045
752	1106216
754	1032195
757	1153778
758	1058955
760	1065174
763	1034989
764	1129762
766	1061532
769	1054762
770	1097320
772	1107623
775	1064058
776	1067423
778	1101187
781	1014335
782	989628
784	1048605
787	1091557
788	1005157
790	1065359
793	1086830
794	1125883
796	1161703
799	1077115
800	1074712
802	1072523
805	1031707
806	1046598
808	1068587
811	1005123
812	1088155
814	1173576
817	1069146
818	1049440
820	1106466
823	1178298
824	1097373
826	1015003
829	1085256
830	1202787
832	1060329
835	1077199
836	1057340
838	1082757
841	1164117
842	1107786
844	1106833
847	1154768
848	1064459
850	1033310
853	1065904
854	1030048
856	1045036
859	1060372
860	1012594
862	992395
865	1050699
866	1084981
868	1110450
871	1045211
872	990981
874	1163789
877	1106901
878	1043675
880	1032064
883	1003240
884	1104761
886	1074887
889	1099021
890	1084030
892	1128072
895	1134186
896	1013831
898	1058142
901	1061619
902	1117213
904	1089303
907	1014963
908	1022402
910	1104220
913	1081924
914	1117554
916	1004282
919	989232
920	1034532
922	1110607
925	1058531
926	1075744
928	1131224
931	1011934
932	1090142
934	1045057
937	1078804
938	1036525
940	1109073
943	1063122
944	1071167
946	1073959
949	1060458
950	1084643
952	1086308
955	1007354
956	1022998
958	1043835
961	1086757
962	1183805
964	1110482
967	1096878
968	1102662
970	1060216
973	1011106
974	1093430
976	1100527
979	1077178
980	1058682
982	1078350
985	1107031
986	993275
988	1151145
991	1110323
992	1034183
994	1091974
997	1157597
998	1002954
1000	1062767