1	1169691
2	1124172
4	1074474
7	1078913
8	1065549
10	1005648
13	1115843
14	1056021
16	1077432
19	1043408
20	1070927
22	1134581
25	1130222
26	1097398
28	1047132
31	1028540
32	1031684
34	1050425
37	1072199
38	1099519
40	1077226
43	1109398
44	1088098
46	1033996
49	1085682
50	1051502
52	1059461
55	1043430
56	1106508
58	995452
61	1021537
62	997501
64	1034810
67	1055745
68	1112846
70	1119631
73	1099687
74	1031526
76	1104904
79	1005659
80	1101408
82	1035771
85	1005888
86	1119147
88	1032749
91	1081403
92	1083099
94	1088089
97	1123627
98	1064899
100	1064531
103	1088013
104	1086269
106	1077670
109	1139078
110	1116827
112	1005205
115	1015595
116	1104731
118	1043476
121	1068141
122	1033430
124	1098160
127	1070741
128	1077657
130	1099731
133	1113499
134	1019408
136	1096405
139	1077021
140	1150260
142	1111057
145	1050432
146	1066435
148	988330
151	1085179
152	1069582
154	1117392
157	1122116
158	1023016
160	1134613
163	1038050
164	1087838
166	1104214
169	1017732
170	1003990
172	1082874
175	1183235
176	1073099
178	1111117
181	1089941
182	1136283
184	1080577
187	1159186
188	1087571
190	1105411
193	1044481
194	986824
196	1080387
199	1071122
200	1081934
202	1143012
205	1041555
206	1022730
208	1104508
211	1062510
212	962169
214	1069922
217	980256
218	1040895
220	1103380
223	1079875
224	1114563
226	1099403
229	1075664
230	1058642
232	1088899
235	1036418
236	1084557
238	1078014
241	1100444
242	1054341
244	1101618
247	1132659
248	1103395
250	1067493
253	1031880
254	1107897
256	1095860
259	1043776
260	1114651
262	1070527
265	1167058
266	1095411
268	1074590
271	1074935
272	1042754
274	1112338
277	1029186
278	1110260
280	1073863
283	1078643
284	1068726
286	1181652
289	999800
290	1200974
292	1050658
295	1124466
296	1020553
298	1050070
301	1212145
302	961224
304	1098721
307	1105662
308	1016367
310	1124890
313	1092084
314	1083145
316	990738
319	1060273
320	1060832
322	1052849
325	1120033
326	1130502
328	1040599
331	1099233
332	1050496
334	1075437
337	1092220
338	1082632
340	999116
343	1043618
344	1062987
346	1166387
349	1087648
350	1046446
352	1171169
355	1097230
356	1062372
358	1055445
361	1074448
362	1081006
364	1127855
367	1061597
368	1007409
370	1102415
373	1099650
374	1088397
376	1005329
379	1139592
380	1155054
382	1062991
385	1073765
386	1141136
388	1142343
391	1094768
392	1102942
394	1085707
397	1100196
398	1072997
400	1057701
403	1124328
404	1088765
406	1069943
409	1072360
410	1112273
412	1087183
415	1119632
416	1061001
418	1095474
421	1021550
422	1109688
424	1002546
427	998119
428	1036512
430	1014530
433	1034245
434	1039276
436	1117816
439	1109012
440	1076608
442	1103363
445	1120016
446	1011907
448	1089610
451	1094437
452	1068205
454	1056309
457	1090466
458	1056106
460	1050151
463	1124265
464	1142495
466	998531
469	1021866
470	1085904
472	983811
475	1067738
476	1121244
478	1053014
481	1111265
482	1071958
484	1087620
487	1141787
488	981348
490	1104342
493	1041902
494	1080943
496	1140839
499	1112934
500	1146485
502	1080436
505	1094238
506	1063310
508	1137647
511	1074397
512	1028773
514	1070029
517	1054400
518	1073067
520	1140193
523	1114839
524	1122692
526	1051621
529	1152949
530	1124744
532	1109787
535	1080389
536	1094188
538	1168639
541	1044408
542	1016339
544	1007583
547	1072906
548	1037707
550	1143295
553	1160042
554	1131268
556	1046696
559	1091320
560	1099204
562	1118628
565	1093156
566	1139499
568	1111860
571	1052941
572	969031
574	1060415
577	1135855
578	1060432
580	1042956
583	1049034
584	1045280
586	1063987
589	1083188
590	962327
592	1080076
595	1134593
596	1104750
598	1060261
601	1079169
602	1117088
604	1129826
607	1035937
608	1073402
610	1163557
613	1138068
614	1031610
616	1029929
619	1133012
620	1144809
622	1004529
625	1024726
626	1127600
628	1134233
631	1133278
632	1044450
634	1089439
637	1085182
638	1074841
640	1134614
643	1043495
644	1073049
646	1059871
649	1127556
650	1131816
652	1137974
655	1159721
656	1037351
658	1098689
661	1128649
662	1083670
664	1078513
667	1131491
668	1118983
670	1076084
673	1037466
674	1097604
676	1075329
679	1026678
680	1132453
682	1052058
685	1087899
686	1099299
688	1090406
691	1056900
692	1136684
694	1101962
697	1067046
698	1152995
700	1099441
703	1062741
704	1096150
706	1053079
709	1042124
710	1092604
712	1161993
715	1031011
716	1064821
718	1146059
721	1084754
722	1065484
724	1036188
727	1138735
728	1114219
730	1072802
733	1105745
734	1003947
736	1204812
739	1153926
740	1016714
742	1162334
745	1073315
746	1099933
748	1072042
751	1047861
752	1107142
754	1046257
757	1134823
758	1131818
760	1027213
763	1047829
764	1149526
766	1071534
769	1084283
770	1039887
772	994939
775	1082547
776	1080719
778	1082745
781	1086293
782	1116277
784	1142283
787	1099802
788	1097117
790	1057852
793	1135502
794	1061635
796	1183941
799	1072990
800	1104343
802	1085375
805	1025914
806	1006363
808	1063098
811	1122987
812	1067877
814	1046812
817	1156573
818	1071266
820	1081563
823	1107961
824	1061509
826	986355
829	1029785
830	1086032
832	1066853
835	1079315
836	1056817
838	1087191
841	1074410
842	1138338
844	1082064
847	1086665
848	1063519
850	1053797
853	1122296
854	1073758
856	1135802
859	1007518
860	1099588
862	1005715
865	1027449
866	1083887
868	1158113
871	1089988
872	1048719
874	1125580
877	1134167
878	1076416
880	984901
883	1075700
884	1054745
886	1021340
889	1117807
890	1078447
892	1090018
895	1039122
896	1030369
898	1034399
901	1083148
902	1021727
904	1053070
907	1138321
908	1069809
910	1085602
913	1066503
914	1083535
916	1029408
919	1013964
920	1126217
922	1086837
925	1082053
926	1089563
928	1050029
931	1061060
932	1084744
934	1029698
937	1025546
938	1124568
940	997453
943	1025563
944	1138504
946	1116902
949	1138603
950	1071864
952	1114627
955	997122
956	1052824
958	1083875
961	1048385
962	1074485
964	1100589
967	964554
968	1104408
970	1079227
973	1091625
974	1076811
976	1159278
979	1070582
980	1105871
982	1002338
985	1056744
986	953278
988	1051134
991	1062093
992	1088562
994	1147188
997	1205864
998	1036110
1000	1131226