1	1040109
2	1135050
4	1052376
7	1098026
8	1137095
10	1116344
13	1119064
14	1046519
16	1130081
19	1162029
20	1098367
22	1017799
25	1055528
26	1016202
28	1078797
31	1126605
32	1078341
34	1065608
37	1116174
38	1067363
40	1058642
43	1046274
44	1052034
46	1105566
49	1091006
50	1038417
52	1082938
55	1137846
56	1130507
58	1059132
61	1063492
62	1074179
64	1083413
67	1139232
68	1111127
70	1148718
73	1021074
74	1127792
76	1111296
79	1085298
80	1078426
82	1168914
85	1071062
86	1136707
88	1174545
91	1081150
92	1059769
94	1110494
97	1097212
98	1052296
100	1043618
103	1164122
104	1086073
106	1090329
109	1057165
110	1033407
112	1109962
115	1100032
116	1089437
118	1134595
121	1003488
122	1069298
124	1077935
127	1163743
128	1117679
130	1077568
133	1100518
134	1070365
136	1072269
139	1125450
140	1055845
142	1027509
145	1037002
146	1125687
148	1054280
151	1045313
152	1075163
154	1082811
157	1107155
158	1163413
160	1115087
163	1128948
164	1080479
166	1073344
169	1049824
170	1094131
172	1099770
175	1096693
176	1133944
178	1133154
181	1057889
182	1147073
184	1177864
187	1082860
188	1081805
190	1091398
193	1082790
194	1178528
196	1135159
199	1143080
200	1119099
202	1083473
205	1069535
206	1136967
208	1184064
211	1075277
212	1110862
214	1127003
217	1113426
218	1040923
220	1109254
223	1050618
224	1078401
226	1069141
229	1142921
230	1141179
232	1029488
235	1124060
236	989242
238	1079907
241	1098556
242	1156007
244	1092731
247	1089661
248	1079802
250	1158882
253	1168642
254	1106569
256	1073032
259	1027559
260	1055546
262	1077131
265	1071001
266	1097721
268	1114713
271	1191201
272	1074390
274	1086867
277	1097234
278	1127053
280	1133557
283	1155548
284	1124045
286	1065473
289	1098822
290	1095978
292	1151161
295	1088785
296	1102907
298	1063324
301	985451
302	1070189
304	1029051
307	1108466
308	1162462
310	1127873
313	1095358
314	1128393
316	1106229
319	1082901
320	1064856
322	1069315
325	1062232
326	1102529
328	1060170
331	1052985
332	1028993
334	1039223
337	1052620
338	1037798
340	1172307
343	1172786
344	1058690
346	1081061
349	1097061
350	1061513
352	1060932
355	1120734
356	1082232
358	1077001
361	1142302
362	1055098
364	1047681
367	1081534
368	1174317
370	1137405
373	1130913
374	1081111
376	1041855
379	1049974
380	1118156
382	1086798
385	1069367
386	1094840
388	1097254
391	1039013
392	1077835
394	1002440
397	994338
398	1052100
400	1044611
403	1111661
404	974047
406	1048563
409	1097003
410	1159701
412	1114434
415	1097221
416	1107226
418	1162650
421	1069842
422	1132105
424	1130251
427	1121199
428	1004384
430	1057378
433	1034627
434	1128468
436	1123010
439	1039131
440	1060613
442	1078572
445	1129162
446	1090206
448	1082197
451	1080255
452	1135722
454	1097146
457	1158841
458	977238
460	1039013
463	1125064
464	1060212
466	1126719
469	1142012
470	1112419
472	1089691
475	1062562
476	1056341
478	1101690
481	1032601
482	1088502
484	1045406
487	1085488
488	1155334
490	1045571
493	1111414
494	1007088
496	1136106
499	1266214
500	1103974
502	1159351
505	1079706
506	1082341
508	1002791
511	1081850
512	1186317
514	1046613
517	1187834
518	1119828
520	1114730
523	1089897
524	1050982
526	1050767
529	1097570
530	979417
532	1121279
535	1054519
536	1093433
538	1129655
541	1065250
542	1127624
544	1116491
547	1068993
548	1120594
550	1012744
553	1139935
554	1101035
556	1029085
559	1088514
560	1080282
562	1080691
565	1036695
566	1073878
568	1032197
571	1061795
572	1122192
574	1046147
577	1061465
578	1162204
580	1087155
583	1107019
584	1083890
586	1058831
589	1068257
590	1127147
592	1032534
595	1043880
596	1130249
598	1048953
601	1071133
602	1079024
604	1145284
607	1063272
608	1055624
610	1074981
613	1167366
614	1086969
616	1179518
619	1070943
620	1209197
622	1053560
625	1063299
626	1062623
628	1083587
631	1110198
632	1100261
634	1075845
637	1097608
638	1100464
640	1024365
643	1128535
644	1110615
646	1088607
649	1013669
650	1008919
652	1014413
655	1062383
656	1098512
658	1078102
661	1126543
662	1167377
664	1097370
667	1089458
668	1085043
670	1159623
673	1155603
674	1025485
676	1181068
679	1013462
680	1103682
682	1077705
685	1072721
686	1106971
688	1075762
691	1117308
692	1057727
694	1097184
697	1102137
698	1058184
700	1114406
703	1138550
704	1068387
706	1086031
709	974916
710	1066768
712	1094042
715	1122577
716	1130540
718	1075777
721	1089190
722	1067513
724	1117778
727	1091532
728	1030645
730	1081846
733	1056670
734	1129840
736	955724
739	1113950
740	1112798
742	1027880
745	1071310
746	1016818
748	1078857
751	1044153
752	1138776
754	1037687
757	1070910
758	1119358
760	1123207
763	1019824
764	1098777
766	1118183
769	1024010
770	1078287
772	1153190
775	1055673
776	1076614
778	1055300
781	988030
782	1065241
784	1158347
787	1157119
788	1048585
790	1113792
793	1061298
794	1111588
796	952853
799	1106952
800	1094958
802	1127649
805	1087041
806	1039468
808	1080117
811	1094856
812	1102411
814	1078342
817	1090895
818	1030995
820	1102845
823	1018477
824	1133567
826	1089676
829	1060123
830	1054137
832	1075066
835	1086054
836	1064341
838	1089957
841	1094211
842	1122267
844	1118440
847	1058534
848	1188668
850	1027030
853	1097559
854	1143373
856	1172119
859	1085438
860	1099743
862	1111404
865	1070542
866	1038477
868	1129460
871	1079609
872	1094463
874	1047019
877	1104038
878	1159350
880	1040408
883	1102185
884	1022745
886	1159404
889	1036682
890	1054042
892	1113829
895	1029362
896	1099588
898	1026921
901	1085271
902	1094802
904	1096203
907	1018446
908	1110428
910	963534
913	1107302
914	1049994
916	997034
919	1171923
920	1037465
922	1081104
925	1046576
926	1087035
928	1076766
931	1113756
932	1022419
934	1080285
937	1132694
938	1097872
940	1091566
943	1031059
944	1055691
946	1054939
949	1084621
950	1095760
952	1081671
955	1087331
956	1034435
958	1001599
961	1068887
962	1060464
964	1098539
967	1097922
968	1118463
970	1240656
973	1096326
974	1146940
976	1033516
979	1050651
980	1055801
982	1043502
985	1153566
986	1083548
988	1007706
991	1190341
992	1051786
994	1045442
997	1138365
998	1100382
1000	1114712