1	1102947
2	1031519
4	1059448
7	1105174
8	1031208
10	1139479
13	1030023
14	1066393
16	1094497
19	1119882
20	1089900
22	931452
25	991164
26	1052343
28	1146956
31	1064124
32	1101588
34	1092013
37	1048447
38	1115856
40	1121687
43	1016451
44	1126691
46	1102100
49	1146834
50	1134115
52	1071898
55	1040000
56	1114073
58	1126000
61	1070509
62	1053041
64	1182014
67	1095290
68	1073580
70	1147416
73	1055856
74	1025284
76	1086975
79	1063830
80	1066356
82	1149474
85	1061999
86	1099038
88	1057928
91	1087136
92	1060409
94	1101862
97	1091455
98	1111556
100	1073231
103	1115993
104	1039185
106	985424
109	1016862
110	1059802
112	1161563
115	1011057
116	1099184
118	1131812
121	1035584
122	1101243
124	1034217
127	1089873
128	1057629
130	1120432
133	1056840
134	1061491
136	1111672
139	1098553
140	1081167
142	1023956
145	1059861
146	1133471
148	1016736
151	1099382
152	1065688
154	1126470
157	1113089
158	1136714
160	1087690
163	1051297
164	1073164
166	1028855
169	1092962
170	1056279
172	1092008
175	1065787
176	1126623
178	1032875
181	1088615
182	1103818
184	1115766
187	1055079
188	1092674
190	1136739
193	1036722
194	1085847
196	1112625
199	1043807
200	1125370
202	1104367
205	1114597
206	1134858
208	1090923
211	1027384
212	1202637
214	1072633
217	1112944
218	1076197
220	1071363
223	1067184
224	1101416
226	993356
229	1101409
230	1069276
232	1101176
235	1120748
236	994450
238	985826
241	1104640
242	1083368
244	1070787
247	1094256
248	956175
250	1080765
253	1036269
254	1073768
256	1049494
259	1074441
260	1118337
262	1043253
265	1069897
266	1061986
268	1062582
271	1059057
272	1047388
274	1062212
277	1042951
278	1136981
280	1054632
283	1069106
284	1125583
286	1037952
289	1153898
290	1059581
292	1004345
295	1085129
296	1096876
298	1092861
301	1084175
302	1141627
304	1095935
307	1113665
308	1102115
310	1010379
313	1064199
314	1057605
316	1046091
319	1089765
320	1089105
322	1068086
325	1137899
326	1086238
328	1088503
331	1121336
332	1115475
334	1049268
337	1095820
338	1069543
340	1109713
343	1032839
344	1079561
346	1063852
349	1025503
350	1148927
352	1134848
355	1053879
356	1034836
358	987422
361	1053527
362	1059767
364	1037408
367	1129423
368	1052451
370	1064986
373	1043584
374	1160864
376	992792
379	1059722
380	1026548
382	1085894
385	1012647
386	1093399
388	1063902
391	1057185
392	1056669
394	1042540
397	1061083
398	1052320
400	1095725
403	1181416
404	1097145
406	1124051
409	1057077
410	1091581
412	1000147
415	1120446
416	1079612
418	1116161
421	947906
422	993935
424	1135218
427	1060454
428	1097152
430	1095731
433	1156189
434	1105205
436	1085615
439	1066816
440	1050346
442	1067795
445	1095348
446	1050627
448	1056331
451	1112884
452	1088124
454	943201
457	1061622
458	1036263
460	1088354
463	1099661
464	1059146
466	1065112
469	1073639
470	1060010
472	1070902
475	1176767
476	1090105
478	1109363
481	1074161
482	1016250
484	1074970
487	1062184
488	1081517
490	1037780
493	1102772
494	1062366
496	1082127
499	1112044
500	1055763
502	1064061
505	1128951
506	1078480
508	1132507
511	1102743
512	1065316
514	1053682
517	1094716
518	975053
520	1074386
523	1029490
524	1068116
526	1078056
529	1040527
530	1054689
532	1013453
535	1075148
536	973906
538	1072411
541	1105620
542	1038697
544	1012650
547	1083340
548	1114841
550	1043153
553	1090154
554	1077535
556	1058862
559	1141619
560	1106301
562	1075332
565	1039894
566	1081165
568	1028134
571	1129680
572	1004197
574	1048180
577	1121766
578	1073196
580	1063434
583	1079886
584	1102693
586	985986
589	1048127
590	1081089
592	1081331
595	1164073
596	1035721
598	1059126
601	1072691
602	1083773
604	1254442
607	1102302
608	1006210
610	1046246
613	1041341
614	1089959
616	1094677
619	1004424
620	1077576
622	1082819
625	1142742
626	1122113
628	1079741
631	1170979
632	1153889
634	1061447
637	1054513
638	1076431
640	1042937
643	1046455
644	1028331
646	1131514
649	1030695
650	1103387
652	1072216
655	1064613
656	1043788
658	1019256
661	1118092
662	1053294
664	1073039
667	1126843
668	1108320
670	1071213
673	1039508
674	1062686
676	1143504
679	1143954
680	1052671
682	1126058
685	1057060
686	1053676
688	1156091
691	1156645
692	1098734
694	1118589
697	1107004
698	1018446
700	1023067
703	1100562
704	1072616
706	1073089
709	1014048
710	1064892
712	1043355
715	1128767
716	1050197
718	994395
721	1128755
722	1145812
724	1058687
727	1089917
728	1090273
730	1093655
733	1093552
734	1078068
736	1027988
739	1118107
740	1062516
742	1098387
745	1042050
746	1039082
748	1059554
751	1032240
752	1094919
754	1073000
757	1074005
758	1048972
760	1134580
763	1041457
764	997020
766	1037976
769	1172398
770	1034569
772	1089627
775	1113402
776	1072666
778	1038734
781	1140458
782	1103202
784	1081961
787	1077946
788	1107275
790	1130660
793	1031140
794	1067844
796	1104602
799	1033747
800	1124604
802	1006364
805	1127642
806	1019757
808	1048620
811	1014905
812	1117091
814	1103329
817	1050114
818	1094527
820	1083363
823	1058547
824	1015372
826	1087177
829	1073333
830	1034919
832	1156106
835	1066788
836	1095330
838	993189
841	1054244
842	1103890
844	1060720
847	1058995
848	1065066
850	1056426
853	1056673
854	1107280
856	1121070
859	1059895
860	1103858
862	1114339
865	1087524
866	1098186
868	1064984
871	1018613
872	1017537
874	1126641
877	1099233
878	1077216
880	1178089
883	1107068
884	1067672
886	1060538
889	1050607
890	1034840
892	1117985
895	1081313
896	1014499
898	1044295
901	1070406
902	1106508
904	1088794
907	1049581
908	1199370
910	1070184
913	1085081
914	1088481
916	1066144
919	1054532
920	949761
922	1145717
925	1030004
926	1101270
928	998745
931	1119269
932	1120977
934	1078658
937	1092097
938	1116611
940	1110489
943	1145437
944	1120404
946	1080738
949	1009700
950	1046409
952	1039704
955	1100089
956	1058490
958	1085252
961	1031736
962	1031953
964	1129426
967	1109954
968	1061407
970	1084864
973	1094077
974	1044312
976	1067340
979	1086807
980	1021045
982	1077889
985	1021431
986	974209
988	1061479
991	1152784
992	1089158
994	1043007
997	1090822
998	1084220
1000	1121865