1	41414070.48
2	42406787.79
4	41705370.77
7	41584200.36
8	42499793.03
10	42661629.43
13	40971293.57
14	42529546.2
16	41360500.97
19	44472348.5
20	41531391.57
22	39612445.31
25	41270520.88
26	44490860.06
28	41323332.91
31	40118481.71
32	40248291.46
34	41431601.75
37	40534153.61
38	40813238.58
40	40527293.32
43	40573343.06
44	41139017.87
46	40771031.25
49	42390883.25
50	40781060.55
52	40333985.69
55	43263658.12
56	41597921.74
58	40996500.24
61	40406134.26
62	38949735.52
64	40199451.66
67	44671505.9
68	40695531.75
70	43565961.76
73	41396508.15
74	41572498.62
76	40904792.59
79	41889266.13
80	40243899.15
82	42520319.72
85	41378487.41
86	42287724.47
88	42373588.24
91	41107351.23
92	40986995.24
94	41295273.28
97	41240561.68
98	41892946.63
100	40268772.6
103	42346171.08
104	40929407.44
106	41280545.29
109	41980106.94
110	41109767.75
112	43925064.54
115	42270959.9
116	41176053.76
118	41947639.79
121	41725434.26
122	42341990.13
124	40099112.71
127	42935650.81
128	41606921.71
130	41224368.82
133	41774508.55
134	43206573.45
136	42303189.18
139	43406555.4
140	41638321.27
142	42034204.15
145	39522275.93
146	42618586.7
148	41826287
151	40785934.99
152	40355186.27
154	41353605
157	42494606.95
158	43182751.37
160	41098107.98
163	40274074.6
164	44106584.04
166	40545704.31
169	40239056.96
170	42238858.92
172	42760373.03
175	41744506.16
176	41812142.82
178	41934946.75
181	40606839.53
182	41041977.12
184	43035336.48
187	43262084.42
188	41896340.85
190	41527511.4
193	42910449.27
194	42526097.77
196	40222734.45
199	42571392.57
200	43184785.47
202	42575017.53
205	42173249.24
206	43462574.27
208	41440098.13
211	40913180.76
212	42749445.62
214	43539213.4
217	41078742.28
218	42069556.4
220	41664676.39
223	41249248.85
224	42709872.93
226	40723417.67
229	44374350.15
230	42373830.11
232	40370353.13
235	43272792.08
236	41096262.6
238	42769072.46
241	41307859.28
242	39927908.63
244	41813412.57
247	40503199.09
248	41789472.77
250	41025046.06
253	42787360.9
254	41952133.73
256	41801450.41
259	39010282.81
260	40703858.4
262	40684048.44
265	40195220.19
266	39545382.22
268	42132841.99
271	42907166.3
272	41915613.71
274	40564638.62
277	42728319.31
278	41363273.03
280	41707078.79
283	40692088.31
284	43128375.19
286	40545385.58
289	42758861.31
290	41669459
292	44504511.53
295	41297505.3
296	41424915.26
298	42463521
301	39290466.26
302	41601198.21
304	41033379.59
307	42089956.07
308	39987140.7
310	41872495.98
313	40600178.76
314	41442212.77
316	41890233.78
319	41863167.03
320	41814789.6
322	40946069.79
325	39519606.45
326	43559430.08
328	41631687.25
331	41246680.79
332	41851368.93
334	38525502.12
337	42366076.15
338	40959066.31
340	42357044.81
343	44782811.12
344	41929105.08
346	39972430.13
349	42646224.32
350	42790772.84
352	42093659.16
355	40757873.9
356	43065751.82
358	40630206.23
361	42377153.34
362	41949086.16
364	42260936.47
367	41479478
368	40078149.76
370	42847003.76
373	42151357.55
374	42170132.68
376	40179361.11
379	41095185.17
380	42293785.54
382	43290651.43
385	40188483.92
386	40721268.57
388	41786377.17
391	39963960.17
392	41265791.07
394	38875758.37
397	42321132.43
398	40528423.54
400	40764080.53
403	42605554.49
404	40219314
406	41219503.96
409	38086902.14
410	40634699.97
412	42139857.8
415	40753301.67
416	40940626.08
418	43469573.24
421	40218535.41
422	40206304.36
424	42869751.54
427	42424564.22
428	41124870.73
430	41759140.6
433	41587247.38
434	41132162.61
436	42387752.99
439	39461325.5
440	39855528.53
442	41412356.02
445	41126874.08
446	42280522.76
448	40729220.09
451	41327138.46
452	43071819.53
454	42477443.63
457	42722744.26
458	40265033.99
460	39954012.76
463	40993909.49
464	41680720.94
466	40879725.04
469	40532073.73
470	41094465.93
472	42943867.02
475	42205272.42
476	40882544.39
478	41803285.17
481	40574773.55
482	41176646.31
484	42744200.73
487	41200289.51
488	40697454.66
490	41614913.91
493	42058331.34
494	41243952.64
496	42878716.77
499	43460549.1
500	40880344.89
502	42466992.66
505	40481192.67
506	41079522.83
508	40146365.16
511	42278262.66
512	43306267.53
514	39676917.35
517	42717036.63
518	41079589.29
520	41097619.99
523	39185763.18
524	41357230.02
526	40908649.46
529	41479525.65
530	40270087.49
532	42351329.96
535	41575883.68
536	40873393.64
538	41253444.34
541	41417765.18
542	43200615.56
544	41726791.71
547	39754343.79
548	40699470.31
550	43088047.66
553	42797079.38
554	41678948.41
556	39789439.75
559	41966575.1
560	43500471.5
562	41198271.9
565	40638223.24
566	41547371.39
568	42409143.55
571	43690130.37
572	42508870.44
574	41302069.95
577	41217098.87
578	42302646.8
580	41236040.17
583	43129288.16
584	42123894.32
586	39602091.15
589	43650906.19
590	41441454.74
592	40294941.47
595	41719404.52
596	41023642.22
598	40612054.46
601	40416988.52
602	41509090.66
604	40207047.99
607	41668694.72
608	40501630.32
610	40669012.64
613	41880218.67
614	42559479.64
616	42155339.57
619	40639011.65
620	42910129.69
622	41527570.32
625	41730521.18
626	46096650.45
628	41855121.54
631	42050326.8
632	42099649.2
634	43560971.11
637	40429775.22
638	43930938.11
640	40607376.72
643	42630521.05
644	41169403.89
646	42221760.18
649	40137179.27
650	42369327.02
652	40628415.93
655	40724702.91
656	41353196.52
658	40052392.52
661	41736461.88
662	42445740.37
664	42609828.58
667	41188894.42
668	42152362.62
670	41708338.39
673	43600655.76
674	40741937.54
676	40361487.91
679	41884825.21
680	42663152.09
682	40321861.55
685	41039375.51
686	43513727.57
688	40141361.81
691	44194475.13
692	40477794.02
694	42044049.26
697	41169727.33
698	42290142.3
700	42104578.85
703	42470194.23
704	40440993.9
706	40489369.09
709	40614258.99
710	41055776.33
712	40287368.22
715	40669363.68
716	43316736.32
718	40522581.48
721	42119546.82
722	41604394.13
724	41742640.85
727	41236447.99
728	41956449.06
730	40958171.36
733	38163346.49
734	42499777
736	41200992.09
739	40360183.01
740	44385691.24
742	40094997.47
745	41164082.03
746	39867221.09
748	41136034.87
751	40684450.99
752	41857415.77
754	40425259.83
757	40900794.78
758	40799168.17
760	41850148.68
763	39230815.55
764	42143974.01
766	41598647.79
769	42777429.61
770	43581987.02
772	42850036.93
775	41441004.37
776	40661624.99
778	44532743.55
781	39090215.25
782	39881475.69
784	43031679.15
787	40388294.89
788	41313882.75
790	41712658.22
793	41254959.23
794	39733590.38
796	35656960.91
799	38407753.53
800	41325692.96
802	41881342.41
805	43559687.7
806	39850092.57
808	43299878.81
811	40090408.11
812	41517965.77
814	41523733.4
817	41856477.12
818	40651306.02
820	42786738.72
823	39657127.57
824	42582143.42
826	40355924.92
829	40521177.72
830	41481571.94
832	40295824.9
835	43127428.44
836	41378230.4
838	41664341.72
841	40873522.65
842	41917647.28
844	42113445.69
847	39802580.42
848	43664336.22
850	39880905.52
853	39521194.68
854	39839571.75
856	42830551.49
859	43276048.23
860	41036032.69
862	41670450.53
865	42797936.63
866	39860558.63
868	42748804.52
871	39357480.5
872	42530760.22
874	41425210.93
877	42430311.28
878	40861361.4
880	40901496.95
883	41338209.05
884	42156440.28
886	41857927.47
889	40834899.63
890	40822461.92
892	42883026.3
895	41722319.47
896	41579860.28
898	41553839.96
901	41711361.14
902	41742051.07
904	42190763.4
907	39745215.28
908	43347006.98
910	39035939
913	43370536.75
914	40718914.07
916	39413895.25
919	43566778.85
920	39443954.48
922	41757651.15
925	41529374.61
926	42103996.21
928	41445403.25
931	40802322.37
932	40493041.65
934	41662334.31
937	42993217.17
938	42320472.93
940	41976889.38
943	41805308.46
944	42204805.04
946	41491322.85
949	41230941.48
950	40972562.53
952	41844809.37
955	43677778.71
956	40432210.77
958	40462475.02
961	42160366.04
962	40036963.86
964	42348905.63
967	40667455.66
968	41046466.89
970	44581821.69
973	43737150.94
974	42357332.25
976	40887059.49
979	42399666.29
980	39951978.55
982	40711579.56
985	41283001.02
986	41360681.5
988	41863972.52
991	42596665.7
992	44982681.74
994	38953636.5
997	40575993.99
998	43138602.89
1000	41450060.41