1	41138778.91
2	42229555.98
4	40761996.52
7	41348534.44
8	42548382.88
10	42342438.54
13	40739181.5
14	41791458.58
16	41051209.69
19	43840259.79
20	41910672.1
22	40144667.63
25	41209878.15
26	41846611.43
28	41623054.6
31	40115384.08
32	40886884.17
34	41733665.69
37	39144869.89
38	40196998.42
40	40785424.49
43	40761533.35
44	42622754.9
46	41664244.72
49	42234955.18
50	40204745.89
52	40678803.31
55	43585575.45
56	40505540.88
58	40834658.57
61	41098456.23
62	38507196
64	39825406.44
67	44200325.72
68	40932794.18
70	42543608.15
73	41273051.09
74	41348702.86
76	41369808.56
79	41237377.15
80	39982634.68
82	40814775.97
85	40785094.94
86	42496027.91
88	42329274.41
91	41030953.48
92	40305806.13
94	41400294.17
97	41663393.47
98	41927863.72
100	39996102.56
103	41756786.3
104	40773121.7
106	41408749.06
109	42158531.83
110	40314838.76
112	43019131.32
115	42091940.81
116	41698918.2
118	40883193.99
121	41532061.31
122	41758707.68
124	40234480.71
127	42377947.73
128	41280272.6
130	41192486.6
133	41280575.22
134	43082197.87
136	41737175.39
139	43006621.55
140	41752995.26
142	40820229.3
145	39935962.86
146	41919767.17
148	41699246.47
151	40957266.67
152	40277235
154	42003869.59
157	41184125.86
158	43580183.85
160	40756910.28
163	39550753.25
164	43432131.57
166	39800892.35
169	39494139.26
170	41719412.58
172	42145562.88
175	41079747.38
176	42403761.88
178	42507283.15
181	40752756.02
182	40612821.75
184	42306405.62
187	42474987.03
188	40877853.96
190	40821529.63
193	42548971.29
194	42019730.93
196	40767183.23
199	42829253.45
200	43190418.86
202	42719501.73
205	42815146.04
206	42452650.88
208	41290751.75
211	40092724.15
212	42033405.27
214	44499181.32
217	40142602.12
218	40970720.91
220	41054361.31
223	40815178.43
224	42265722.69
226	40405614.1
229	44099127.87
230	41982731.82
232	40275918.35
235	42551658.2
236	41777055.16
238	42939487.95
241	40288654.97
242	39968056.67
244	41262455.42
247	40064826.55
248	41155750.84
250	41335188.81
253	43175991.6
254	41903024.05
256	41611865.6
259	39115971.74
260	41160331.23
262	41184411.04
265	41055658.78
266	39145788.34
268	41222993.52
271	41840543.27
272	41201259.63
274	40841537.49
277	43176347.7
278	41508201
280	40695868.36
283	40155628.12
284	42356613.24
286	40594888.15
289	42684885.83
290	41698072.02
292	44522992.67
295	41070342.83
296	41270086.34
298	42573520.82
301	40253407.33
302	41085086.81
304	41091731.12
307	41494368.5
308	39808868.01
310	41704197.71
313	41194966.74
314	40044225.37
316	41675640.38
319	41499576.96
320	40910678.57
322	40621154.29
325	39296876.13
326	43248790.02
328	41222973.78
331	41598196.57
332	41744699.07
334	40067314.15
337	41960898.76
338	40972554.46
340	42273116.72
343	43923260.7
344	41741140.23
346	40428312.64
349	42057002.51
350	42687246.02
352	41128736.99
355	41001589.42
356	43023894.21
358	40790929.68
361	41650900.65
362	41573179.54
364	42494478.33
367	41274924.66
368	40957658.42
370	42932001.97
373	42282594.88
374	41243700.24
376	38863749.52
379	41662152.44
380	42227326.56
382	42847778.24
385	40414624.71
386	40238404.86
388	41855087.69
391	39875759.9
392	40165086.85
394	40219736.08
397	42464592.55
398	40857761.38
400	41168513.66
403	41439161.59
404	40235339.57
406	42791323.94
409	38236880.24
410	40088132.27
412	42480998.87
415	41043938.21
416	41556685.27
418	42824402.9
421	39683762.33
422	40757587.61
424	42123108.42
427	42464812.23
428	40923213.34
430	40861823.77
433	42509878.73
434	40574209.93
436	42705778.34
439	39645758.75
440	39781397.13
442	40512574.53
445	40642495.4
446	41176241.66
448	40553056.64
451	40847653.77
452	42197810.81
454	42593707.4
457	42189308.59
458	40722835.87
460	40279388.47
463	40076725.44
464	41879408.7
466	41455309.35
469	41047397.59
470	41073147.72
472	43060002.64
475	41811732.26
476	40912257.28
478	40975828.62
481	41128937.29
482	41508944.69
484	42230923.61
487	41917576.99
488	40513238.43
490	41347633.74
493	41393667.74
494	41776665.52
496	41597299.16
499	43316907.82
500	40384795.92
502	42436774.08
505	41209572.89
506	41041361.83
508	40367192.41
511	42529993.42
512	42835974.88
514	40577469.36
517	43071040.99
518	41079296.69
520	41111510.92
523	39652163.68
524	40854162.32
526	41279173.5
529	41097924.43
530	40802412.73
532	42426363.65
535	42129131.5
536	40371469.42
538	41226328.02
541	41585425.31
542	42662338.23
544	41606606.88
547	38385633.59
548	40642993.91
550	43195936.19
553	42135985.8
554	42047572.65
556	39744098.57
559	42103762.64
560	42318398.39
562	41197372.99
565	41332597.35
566	41337991.7
568	42157387.52
571	43787726.76
572	43155684.11
574	41047233.38
577	41483096.24
578	41774481.25
580	42124314.5
583	43190747.9
584	41532851.74
586	39037452.91
589	44632120.42
590	40848072.54
592	40740784.91
595	41253572.12
596	40791565.51
598	40898109.21
601	40308213.91
602	41367479.71
604	40013147.13
607	40655305.31
608	40521382.56
610	40904942.69
613	40871941.95
614	42884973.42
616	42154941.1
619	40916815.2
620	42598288.32
622	41428920.95
625	41883970.21
626	45790026.78
628	41915641.77
631	42381140.02
632	42857067.58
634	43949734.01
637	40017934.2
638	42736137.87
640	40468562.9
643	41770761.59
644	40906429.4
646	42930149.06
649	40462147.4
650	42377579.13
652	41402332.75
655	40859598.69
656	40965048.42
658	40666493.86
661	40738592.55
662	42259092.48
664	42386906.52
667	41956420.96
668	42132296.85
670	42033396.95
673	42256728.25
674	41431593.61
676	40161163.39
679	42496146.44
680	42528402.83
682	39837161.95
685	40457895.63
686	43710762.12
688	39778250.89
691	42912015.26
692	40738966.26
694	41360260.28
697	41372268.25
698	42044010.48
700	41658712.88
703	43216742.33
704	40426287.85
706	41030956.58
709	40436635.52
710	40308166.52
712	39409939.65
715	40375422.23
716	41997617.08
718	40582081.52
721	41605045.34
722	40867350.3
724	41360708.05
727	40412609.16
728	41432466.41
730	42068051.95
733	38949752.93
734	41700856.09
736	40813234.05
739	39903244.64
740	43665440.07
742	40034069.28
745	40072410.87
746	40241660.76
748	40769310.63
751	40992159.69
752	41604395.75
754	40869836.2
757	40812520.87
758	40115598.94
760	40688330.82
763	39358342.55
764	43330380.72
766	41426350.36
769	42902192.85
770	42899634.52
772	42022614.81
775	40793007.59
776	40831109.77
778	43716371.76
781	39402948.94
782	39723178.26
784	42448229.96
787	39836820.64
788	41091123.16
790	41676154
793	41062912.28
794	40316750.63
796	39309851.18
799	38451453.52
800	41535386.97
802	41753821.04
805	42118954.16
806	39751917.71
808	43271289.91
811	39118317.15
812	41195600.28
814	41859383.77
817	41732941.04
818	40099849.13
820	42215424.45
823	39235936.99
824	42158990.44
826	39616366.96
829	41156630.51
830	41693446.74
832	39942847.39
835	42286009.54
836	40606962.39
838	41241786.31
841	41105089.09
842	41190273.65
844	43095335.49
847	39482811.62
848	42326240.36
850	38880162.49
853	39309835.87
854	39359679.84
856	42220024.28
859	42364294.03
860	40162578.18
862	42045490.51
865	41656189.36
866	40189590.92
868	42344954.73
871	38924484.91
872	42599608.77
874	41327968.77
877	42399049.25
878	40269319.51
880	39279680.28
883	41366285.38
884	42195909.54
886	41717483.87
889	40474605.67
890	41068696.67
892	43256380.74
895	41701055.1
896	39609097.54
898	40724140.34
901	41820629.35
902	41475599.8
904	42094357.63
907	38973047.99
908	43099865.62
910	38846092.7
913	42843028.62
914	41569551.48
916	38633065.06
919	42807026.54
920	40279718.49
922	40232199.06
925	41879232.34
926	41939387.33
928	41456098.98
931	41259472.16
932	40102284.74
934	41831957.95
937	42094465.28
938	42058615.98
940	41068160.41
943	41105589.09
944	41884391.09
946	41766902.93
949	41767610.1
950	41476529.7
952	42425653.62
955	43134182.93
956	40377043.53
958	40228171.33
961	42767017
962	40437057.23
964	42384066.95
967	40291725.71
968	40988877.83
970	44259592.05
973	44172288.42
974	41445185.47
976	41462293.13
979	41939741.6
980	40718464.51
982	39906443.56
985	40342311.07
986	41549182.24
988	42636682.74
991	42236804.57
992	45047383.61
994	39414611.63
997	40558744.28
998	42271466.97
1000	41436307.61