1	40852039.45
2	41943154.12
4	40416792.96
7	40239817.6
8	43348194.73
10	41951640.03
13	40624169.58
14	41660771.99
16	40372169.59
19	41273584.6
20	41130195.88
22	41647761.89
25	42080076.18
26	42816063.03
28	41988919.92
31	38787757.56
32	39871813.06
34	41221774.18
37	39545856.73
38	40941260.8
40	41713599.51
43	43096123.61
44	42482981.61
46	39757132.82
49	42798716.86
50	41048528.94
52	43630794.79
55	42814367.86
56	42781513.61
58	41322824.56
61	42082908.83
62	39747960.64
64	40189760.14
67	41967267
68	41821848.81
70	41623161.26
73	43673296.38
74	39828508.62
76	40488401.58
79	40281362.24
80	40901834.49
82	42159706.56
85	40853586.55
86	41490447.84
88	40202071.16
91	41937281.51
92	40168642.06
94	40711881.57
97	42555455.91
98	39171525.64
100	40422404.47
103	41106925.39
104	40883161.73
106	41377875.58
109	42675213.64
110	40878195.23
112	41922186.51
115	40760587.24
116	41472593.32
118	37771536.88
121	41655903.17
122	41905261.61
124	40837523.21
127	40664208.62
128	42090458.06
130	40347211.3
133	39729932.84
134	40778787.27
136	41331482.02
139	42935221.76
140	42892939.48
142	42167761.79
145	40826371.37
146	41361706.95
148	39294539.99
151	40138975.69
152	41692850.54
154	42482292.75
157	41417874.62
158	40653333.97
160	41715801.31
163	40465520.78
164	42306954.7
166	40201471.44
169	41067263.05
170	39382536.22
172	42269575.68
175	41905594.62
176	41098575.64
178	41201182.16
181	41457805.76
182	41913722.8
184	40949298.94
187	42262882.08
188	39439066.33
190	42755422.57
193	42164421.76
194	39359552.83
196	42112215.4
199	41219748.59
200	40207882.91
202	43200611
205	41376113.43
206	40478998.57
208	41356624.49
211	40488785.17
212	40393819.72
214	44354213.23
217	40444443.16
218	40651086.01
220	40699692.74
223	40438456.91
224	41271675.01
226	39878252.62
229	41336141.31
230	40059355.21
232	39779081.89
235	41239827.33
236	40835081.28
238	41386076.55
241	41857145.02
242	39369767.01
244	42912443.33
247	40492856.74
248	41144136.06
250	40441747.63
253	41841409.08
254	41359894.39
256	40647422.62
259	41638709.33
260	42167331.98
262	40848008.55
265	42311567.78
266	38975635.29
268	40446652.17
271	41548418.44
272	41444163.03
274	42522520.17
277	40864966.39
278	40983568.16
280	39784821.05
283	39570540.39
284	39831056.31
286	40058601.62
289	39961832.99
290	41524569.18
292	42856918.38
295	40997141.32
296	40679633.25
298	41412115.1
301	44254875.43
302	39229474.16
304	41952649.19
307	39090792.52
308	38469526.43
310	41773794.64
313	41594500.82
314	40751759.84
316	40996856.76
319	41120736.64
320	41976688.41
322	40513363.48
325	40627368.96
326	40557516.78
328	41022719.51
331	39096270.33
332	40308254.71
334	40797503.9
337	42386568.65
338	44062671.6
340	37577793.05
343	41404694.72
344	42322374.25
346	41647873.26
349	40610040.41
350	42307519
352	43125406.64
355	41187326.65
356	42168230.77
358	41565536.07
361	39483417.68
362	40171415.88
364	41019467.85
367	39027540.28
368	40820076.62
370	42830236.35
373	42582563.81
374	42553843.15
376	37957024.72
379	41682023.36
380	41605673.58
382	43044134.85
385	39082720.62
386	39853385.93
388	40239207.99
391	38803911.08
392	40843155.71
394	42142187.28
397	38784114.5
398	40439418.89
400	40740461.08
403	40821628.56
404	41807087.88
406	42634875.98
409	40228470.32
410	40515148.97
412	43296147.63
415	41297507.35
416	39748737.74
418	42001317.08
421	40344230.44
422	39338580.48
424	39801579.78
427	42365010.61
428	41348716.88
430	40764825.82
433	40901511.88
434	40422225.19
436	42406526.21
439	40811337.23
440	42184136.55
442	42981899.53
445	42394953.74
446	41639909.99
448	39962695.47
451	40504032.37
452	40509495.32
454	42277856.27
457	40475640.25
458	40205380.42
460	39681813.34
463	38974482.25
464	42637951.48
466	40225977.06
469	39758544.56
470	41266909.03
472	39204172.88
475	40635293.04
476	41874241.18
478	42413059.89
481	39900120.8
482	40994550.97
484	39663023.46
487	40812538.22
488	40118894.2
490	43056800.39
493	41268898.82
494	41155365.09
496	40376697.11
499	42422696.93
500	44139874.19
502	40842604.38
505	40933100.83
506	40752641.7
508	41280291.9
511	42593501.66
512	40417512
514	42512546.44
517	38965095.34
518	39256581.45
520	41377980.31
523	44533138.65
524	44754992.06
526	42087706.99
529	42749462.83
530	41009604.07
532	44538191.41
535	40220727.75
536	40793799.14
538	41707264.42
541	39779231.79
542	41032495.2
544	40748616.35
547	39260732.89
548	42467989.09
550	42136370.91
553	40583872.14
554	42876221.98
556	39786040
559	38687360.01
560	42266955.4
562	40730652.39
565	42017635.4
566	41697514.66
568	40607265.11
571	43315147.53
572	39429781.51
574	39881712.84
577	42327450.71
578	39096410.99
580	40728011.94
583	41699082.04
584	41749490.72
586	41420881.83
589	42415538.7
590	39448686.02
592	39964321.4
595	39989253.26
596	40794561.92
598	41984402.02
601	41165678.05
602	41283413.83
604	40763415.68
607	41978934.66
608	42366057.14
610	41941026.63
613	41057806.86
614	41095861.16
616	39898707.42
619	42550301.89
620	41837405.83
622	39429684.03
625	39851762.37
626	40240266.25
628	43532574.19
631	41979370.04
632	41740469.36
634	42524720.32
637	40671153.63
638	40898824.91
640	40688726.41
643	39375742.1
644	42926346.56
646	40266788.96
649	41529159.93
650	41371031.86
652	41944162.51
655	42291497.78
656	40351978.74
658	41634148.11
661	40195163.66
662	41308859.57
664	41132997.65
667	41209350.49
668	43052179.32
670	41981792.1
673	42158721.01
674	41664527.03
676	38563396.15
679	43356412.43
680	42714173.64
682	40394844.66
685	40619115.96
686	44693019.46
688	40300204.31
691	39425751.51
692	41025817.55
694	41241041.31
697	41514885.85
698	42835764.02
700	40122133.31
703	42712549.73
704	42369803.13
706	41361531.24
709	42418845.79
710	40761878.24
712	43500436.54
715	41102087.98
716	40219978.29
718	40801937.66
721	41863051.78
722	38567766.37
724	38098713.68
727	41232639.51
728	38929782.47
730	39712022.33
733	39941853.37
734	38966197.14
736	41866498.07
739	39356961.79
740	40763079.74
742	40510373.44
745	41234529.58
746	41279074.6
748	41538633.51
751	39862295.02
752	39555395.59
754	41260971.75
757	41819373.58
758	42459751.89
760	39444878.26
763	41284980.13
764	44754640.44
766	40857599.35
769	41182038.92
770	42363980.49
772	38040355.63
775	39509333.34
776	41058810.51
778	42170712.07
781	39029352.52
782	39676342.5
784	41845777.56
787	41811338.42
788	40180436.29
790	39635551.69
793	41992948.67
794	39281052.22
796	43337485.21
799	42217583.36
800	41749944.77
802	41803864.64
805	40777888.38
806	42668907.02
808	41222840.44
811	42411940.62
812	40384606.04
814	41187967.09
817	40553917.54
818	39814775.16
820	40031483.76
823	41341437.7
824	41143299.94
826	39156159.32
829	42098273.32
830	43005759.62
832	40851981.77
835	40936688.2
836	40951026.01
838	41332726.58
841	42196889.9
842	41776874.76
844	42272276.88
847	40849071.1
848	40138344.75
850	40041203.49
853	39672266.67
854	41831976.43
856	41266901.98
859	40835547.3
860	39981364.28
862	40378273.04
865	40006109.92
866	42175658.49
868	42180568.3
871	41183620.71
872	41267509.03
874	41787565.86
877	41780839.23
878	40248197.25
880	39892408.3
883	42958874.5
884	43359972.58
886	39938952.55
889	42026352.48
890	41383248.57
892	42845772.56
895	40541059.3
896	38085329.79
898	41289357.77
901	39663612.27
902	40468836.56
904	41579384.63
907	40115250.63
908	42071393.49
910	41551568.59
913	40600763.72
914	41885633.5
916	40020212.73
919	41013913.46
920	42459563.2
922	39408327.12
925	43351992.04
926	40829293.71
928	41373025.68
931	40815135.97
932	41663799.09
934	39849251.09
937	42126793.7
938	39410127.86
940	38986110.42
943	40872820.94
944	44292289.53
946	42619770.06
949	41933368.02
950	41047192.55
952	41769472.2
955	41015324.7
956	40457733.59
958	39584898.77
961	40269365.67
962	42955715.31
964	42844308.17
967	40207690.47
968	42416834.31
970	40779761.02
973	42100471.21
974	40509349.42
976	41856757.98
979	42747730.4
980	42553352.3
982	39651403.87
985	42037507.85
986	41202467.15
988	42202347.63
991	41132459.46
992	41818395.88
994	42262592.7
997	41844624.86
998	41308942.3
1000	41858473.14