,37.77096189553463
1,37.49743523467858
2,37.36469234301796
4,37.50325985514317
7,37.57971901369068
8,37.90244797878176
10,37.754240433085144
13,37.266782903245215
14,38.7110697801156
16,38.50240244616375
19,38.94600208530833
20,38.674875190301876
22,38.562053934186785
25,38.68117472136398
26,39.0431552408752
28,38.850057006000505
31,38.167700252528256
32,38.10694831341613
34,38.01061986068901
37,38.11553924432759
38,38.63745902875851
40,38.02868357932394
43,37.969056820105614
44,37.86478497345039
46,38.47334480452004
49,38.69415380417688
50,39.183045752644865
52,38.796483388119476
55,38.525251323849695
56,39.00338384130776
58,38.63430415087862
61,38.60303260408653
62,38.1114338438115
64,38.50548703258435
67,38.853983701706056
68,37.86048519341266
70,38.296032650653366
73,38.783228259104675
74,38.33786569339102
76,38.27331693525087
79,38.59930707378997
80,38.879082005662
82,38.88231972495653
85,39.127442359378236
86,38.61944419351804
88,38.941952582094146
91,38.14306849287667
92,37.81212181084107
94,38.73592124473503
97,38.6354625140041
98,38.56714199753298
100,38.77353845467107
103,38.84763420908024
104,38.740744554495016
106,39.16667196513857
109,38.85004838093797
110,38.47678745352185
112,38.090185618377475
115,38.28883716349932
116,38.05949586941103
118,38.36168725424984
121,37.96916073471359
122,38.747708918755194
124,38.80370769214838
127,38.94200086864583
128,38.40827096647206
130,38.74225466767754
133,38.645218612606975
134,38.85918313950696
136,38.787800987865445
139,38.764680101632045
140,38.93298497825915
142,38.590942686881874
145,38.26598961700352
146,38.73294074345502
148,38.13148029930354
151,37.93493338360201
152,38.34923085016346
154,38.04040012438236
157,38.34537265428739
158,38.780671587084086
160,39.15374138007156
163,39.2804134980643
164,39.03263114056905
166,39.407405063993835
169,38.86116356870302
170,39.01346747384021
172,39.18264254953814
175,38.323831758145666
176,38.047114886527005
178,37.75516616688205
181,38.102581023332576
182,37.90739478019358
184,37.74958402135
187,38.18709361791926
188,37.542020948137775
190,38.98239993852572
193,38.88370125303037
194,38.0611824363679
196,39.09691992520856
199,38.63567291367151
200,38.71891669133587
202,38.32382760170731
205,39.00388161196371
206,38.493020483422555
208,38.05151492858923
211,38.20058188012408
212,38.21323305394838
214,38.29244349328433
217,38.160183851485485
218,38.67186158612468
220,37.80525495963672
223,40.30317785613892
224,40.28774025924551
226,40.02226730049539
229,40.36646885314665
230,39.943338008624785
232,40.543662240470745
235,40.37083458008168
236,40.32861716293988
238,38.3255030589266
241,37.84883039991456
242,37.585654620746986
244,38.02220909002736
247,38.03365327642109
248,37.73224585350037
250,37.299876035713126
253,38.301709467745674
254,38.75330526088766
256,38.63932813644953
259,38.915878603751906
260,39.25501080397036
262,38.884744489302534
265,39.009467819834754
266,39.03771522045646
268,39.244911575900204
271,38.59261845325505
272,38.66284823281768
274,38.78908076062664
277,38.56070508690693
278,38.51068864700617
280,38.43539873612356
283,38.34623650953696
284,38.61830219941456
286,37.88865807635024
289,38.462872510516114
290,38.592021953422496
292,39.211725119062955
295,38.14454051368431
296,38.38508949094687
298,38.09726404593734
301,38.212622303337234
302,38.244922995650676
304,38.21780841605146
307,38.109895253877106
308,38.24657438168711
310,38.456819651575756
313,38.28520245308311
314,38.38408397341553
316,38.730932498365675
319,38.579182611440515
320,38.0162206710881
322,37.85834089122756
325,37.87305243132154
326,37.52897195802779
328,37.55991461438899
331,37.61964616837642
332,37.32507279284389
334,37.4173049907896
337,38.08018046089369
338,38.02722279648794
340,36.99925465047536
343,37.51678775647658
344,38.099829162683484
346,38.29863246910338
349,37.82329347681773
350,39.30377871707188
352,39.48648890288856
355,38.880004951576986
356,38.949944130372906
358,38.96613676020527
361,38.95850652434755
362,38.735984189567226
364,39.3734875593456
367,39.095623374718
368,39.24534162132921
370,39.116911687713994
373,38.76572685422288
374,38.93377520767681
376,38.576315731082
379,38.75359176443504
380,39.38575448268857
382,39.80113965049097
385,40.011583169001455
386,39.770824127227996
388,39.47184817572225
391,39.4752851826243
392,39.288791594993974
394,40.01510151095267
397,39.75225575991461
398,38.186380933968735
400,38.41360627604119
403,37.90746567005523
404,37.51828817227996
406,38.69905776274246
409,37.61957312400644
410,38.21908357352249
412,38.307523588908474
415,38.76801407937545
416,38.500197263985605
418,38.77769608720424
421,38.3745836257243
422,38.64134180922218
424,38.5565834877275
427,38.89659705349335
428,38.75061515592214
430,38.49074496660325
433,38.51903301661742
434,38.269324278097436
436,38.56183874214129
439,38.524948188448484
440,38.04047820876406
442,38.3565159616876
445,38.236510704560445
446,38.83431966215531
448,38.57532756574955
451,38.90535641792531
452,38.48262457682879
454,38.84052384078112
457,38.81481386412068
458,39.30529581489883
460,38.79668765990924
463,38.89168178936203
464,38.98635167561497
466,39.01256898154657
469,39.2818522832042
470,39.53509463560037
472,39.53867413154039
475,39.300024441480424
476,38.88384258546193
478,38.674287400873816
481,37.95969790328889
482,38.414151904632355
484,38.19822486394294
487,38.529087139154655
488,38.51858311809711
490,38.83476183207668
493,38.1863570853463
494,37.4917382092971
496,38.71680694901166
499,38.368506156768646
500,38.41485145864588
502,38.155469021632754
505,37.975799803402445
506,37.920989210359444
508,38.26177708711681
511,38.37651988653131
512,38.440298819441445
514,38.55325549122399
517,38.44513742171718
518,38.84028982566062
520,38.861523282322224
523,38.35839791269516
524,38.67913538431625
526,40.421253898330015
529,39.89323356152679
530,39.587163148235376
532,39.72544721898474
535,40.237666866476246
536,40.29843293782395
538,39.74430926446662
541,40.003569750396764
542,38.25501495518478
544,38.02981170570759
547,38.08334188636926
548,38.03518523680855
550,37.930598869905324
553,38.16099252202514
554,38.27752697013416
556,37.82489977299476
559,38.80851722029631
560,38.87621474115145
562,37.67809396929442
565,38.693314826299755
566,38.71455519807306
568,38.76083908452193
571,39.761800509500134
572,38.82122778027669
574,38.261361746788445
577,38.382621917954985
578,38.02978339605224
580,38.30553119093119
583,38.01096894196672
584,37.91399196657558
586,37.99919045897847
589,38.259731703893095
590,37.03849178342654
592,37.3521263006333
595,37.201180780928226
596,37.166265268976645
598,37.821283551795844
601,37.56936757463763
602,37.53855437375001
604,37.51935036464191
607,38.89001281240101
608,38.14237015206625
610,38.55217955801197
613,38.381196061790625
614,38.29147333154952
616,38.37870167911458
619,38.548748658089664
620,38.3332265749417
622,38.11388535925065
625,38.52212789061901
626,39.14576410247899
628,38.307795394431515
631,38.63792658330247
632,38.03057517384836
634,38.418338578710824
637,38.36414684417581
638,38.93383367553771
640,38.68128293120155
643,38.55156909017874
644,38.869786780919966
646,38.89747812630096
649,38.50531598407682
650,38.1812894707326
652,38.90857453268881
655,39.71190896635852
656,39.60636179416071
658,40.24469751945932
661,39.608470612833095
662,39.91653741155568
664,39.91278749556573
667,39.259094229831376
668,39.340171034258255
670,38.61353016576667
673,38.637775949512644
674,38.02696418909201
676,37.601769148139034
679,38.094949452504
680,38.106596782893526
682,38.321148780846215
685,38.18291407636272
686,39.36674145982064
688,39.51529412728672
691,39.45957227877722
692,39.625232083763365
694,38.57938424640749
697,39.83054855153234
698,39.602667593607
700,39.336639806568215
703,40.53086466391792
704,40.18297140391605
706,40.26491830131513
709,40.4737123562634
710,40.533382318592096
712,40.17409985709537
715,40.450251735530145
716,40.36267613399098
718,38.33380465649321
721,38.40100280551252
722,38.31098515135602
724,38.282851056256355
727,38.35639364678898
728,38.38167563065103
730,38.67259477536854
733,38.012158019385396
734,38.60274994302178
736,37.96420564099723
739,38.37317488119053
740,39.330996265854075
742,39.266842605491
745,38.65810551495237
746,38.623889627555
748,38.443147988332605
751,37.674980208321536
752,38.18711316428371
754,38.3931776789354
757,38.12039979667163
758,38.129091577036824
760,38.11815391200022
763,38.57258088864692
764,38.835948309434535
766,37.99726348117496
769,38.144880545501266
770,38.733544404396405
772,38.424016150371976
775,37.78920793220772
776,37.46543289080211
778,38.00082320753445
781,37.78763256204405
782,38.16563535251716
784,38.48412425448563
787,38.248507907049564
788,37.91525660439177
790,37.97636549074113
793,38.1871380741006
794,37.59547376406739
796,37.90390510472662
799,38.712959302488024
800,38.668676406596674
802,39.06554460051893
805,39.22789442410871
806,38.70510928288498
808,39.30522630866661
811,39.20284069937533
812,38.77485990462374
814,37.70096508963834
817,38.23012968945721
818,38.10122416610173
820,38.13016258984626
823,38.431954653501855
824,38.74217111421438
826,38.20139519920653
829,38.927709134771575
830,38.97322598461895
832,38.076497976675086
835,38.86751969310712
836,38.572088721594234
838,38.363493680377886
841,37.851641812039915
842,38.13737104681216
844,38.332688667163545
847,38.65115207160126
848,38.44782857391763
850,38.308720660544445
853,38.31216133291585
854,38.892188474178774
856,38.65187949750155
859,38.88716087414248
860,38.26830855178351
862,38.31765715134105
865,38.743818398802716
866,38.77484578555333
868,38.9178786984037
871,38.53832728950125
872,38.712880062929685
874,38.60680668282225
877,38.458582790224774
878,39.17477370395273
880,38.91703505569349
883,38.96292090094593
884,38.92935911429584
886,39.150347382257976
889,39.182140728649294
890,39.221429104548875
892,39.20974183665784
895,40.80140137899334
896,41.05722511140553
898,41.33472285258378
901,40.654441686231934
902,40.88415329675398
904,40.4652846978995
907,40.60571735386337
908,40.84977061670769
910,38.10631718524962
913,38.16242742334815
914,38.83037121767498
916,38.41644631737039
919,38.14423059670327
920,38.312920590986266
922,38.48072298623386
925,38.58396273377615
926,39.1993178790226
928,38.8759553728714
931,39.12989166647509
932,39.55165330557744
934,38.96208478773194
937,39.9158043602859
938,39.40553960609556
940,38.69443032438368
943,38.139088364741916
944,37.9271589607077
946,38.19687356820841
949,37.975353391962024
950,37.97166476955196
952,37.840374959425546
955,38.14349633599282
956,38.12226998325431
958,37.97587790505675
961,38.375704399101814
962,38.372054278313996
964,38.16662070885055
967,38.30295874499637
968,38.402913367949495
970,38.733144658434085
973,38.898427600659396
974,38.464460200305616
976,38.389730726839204
979,38.91705240563969
980,38.593719089999944
982,38.34538524170315
985,38.248142726095104
986,38.749233433873144
988,38.60517853302286
991,39.12561605833797
992,39.53335920644301
994,38.9420095398543
997,38.34634162142062
998,39.79453961332573
1000,39.943144388725756
