,37.952135906114805
1,37.54874027315126
2,37.46156608254014
4,37.67635193763224
7,37.75701888560423
8,38.012861413823885
10,37.83094648999693
13,37.37066303999854
14,38.660653884217034
16,38.40486172129996
19,38.92155609538883
20,38.678134066835995
22,38.64707650968653
25,38.549024231997194
26,38.759944247318835
28,38.79211784169668
31,37.920132908543124
32,38.08100097971567
34,37.982277276798904
37,37.85810682027435
38,38.466535139310885
40,37.91406643068046
43,37.76438406662351
44,37.7766172080206
46,38.27155207586035
49,38.430643142857335
50,38.858724815591785
52,38.584073538521025
55,38.306099573918665
56,38.887820209939406
58,38.40826632820756
61,38.52699734642021
62,38.111194952560496
64,38.41946601344805
67,38.655042829071476
68,37.58391111848243
70,38.22267276936653
73,38.67165599580004
74,38.255356343142736
76,38.16842276508113
79,38.60576011004981
80,38.82980857499744
82,38.82485820825277
85,39.07078511641239
86,38.59618727662965
88,38.839142619136986
91,38.09969621757829
92,37.79338445653787
94,38.766355249337224
97,38.68666159925589
98,38.408255010871414
100,38.66721805274066
103,38.879105805847125
104,38.66777261003695
106,39.083575669651516
109,38.78401988145777
110,38.391929677008314
112,38.143018188127925
115,38.069582618350935
116,38.04027887365724
118,38.23745741201995
121,38.012732169873296
122,38.69268517694611
124,38.601232411911816
127,38.94500014560857
128,38.497673436121445
130,38.74497229240125
133,38.6730094410084
134,38.800261794655974
136,38.77068724178017
139,38.774543214827844
140,38.91513120931925
142,38.46731716822781
145,38.25487312889886
146,38.57437659505279
148,38.08581219761736
151,38.15221743729766
152,38.38645439009937
154,38.2161071972924
157,38.35734198516113
158,38.614849888536384
160,38.964386920277235
163,39.17126914803076
164,39.076933491514325
166,39.33781872207507
169,38.73696473059805
170,38.85453708908058
172,39.12455925846974
175,38.35280990745852
176,38.057693956493154
178,37.86778824587005
181,38.10826233376836
182,37.88558205508518
184,37.82826186521808
187,38.18613703312562
188,37.631540308078
190,38.69603898115954
193,38.839680762831215
194,37.98752409700714
196,38.73443535999051
199,38.65609683736231
200,38.63562563217189
202,38.055706892738186
205,38.71612253602414
206,38.55078155582489
208,38.15848822273502
211,38.27572132108992
212,38.294186759499524
214,38.484303885471654
217,38.32369427333004
218,38.78416988176541
220,37.92611081782307
223,40.307790729671765
224,40.30338746048831
226,39.98340207983549
229,40.364822490219915
230,39.94208433509266
232,40.47381198916271
235,40.317534557139425
236,40.33648769176802
238,38.11371963692202
241,37.927912220180325
242,37.47061515184832
244,37.77588532772448
247,38.02080581438314
248,37.60774212001257
250,37.287111596782
253,38.17604747967085
254,38.85793847039881
256,38.75369862081005
259,39.018213431204074
260,39.396059119220496
262,39.03889359382359
265,39.15099324246021
266,39.15354535144222
268,39.38134964771538
271,38.34808543750094
272,38.38088723053138
274,38.565017529953856
277,38.448405452792066
278,38.23128330420542
280,38.11375426031416
283,38.006832960808616
284,38.413967942206206
286,37.79721659511736
289,38.22773568355467
290,38.26617118394279
292,38.905915858850555
295,38.07717862602858
296,38.18981112351871
298,37.751266766062066
301,38.098008961761245
302,38.17442691325776
304,38.116303402759826
307,37.97465194263848
308,38.19420642775282
310,38.36273783490942
313,38.21790017730693
314,38.20443139991299
316,38.54433489911524
319,38.25843154707488
320,37.89357268130227
322,37.62867563296649
325,37.70461907815356
326,37.27756464592958
328,37.388376901806
331,37.32137818671611
332,37.07704894609758
334,37.339152560809076
337,37.78662438667987
338,37.89574718677152
340,36.75507751376357
343,37.3964577722724
344,38.02966640081426
346,38.26348714963262
349,37.65204949594261
350,39.34483983191773
352,39.40818046663337
355,38.88207584010549
356,39.04573216029141
358,39.06950605583025
361,38.966784591487375
362,38.702482255478394
364,39.38198958513196
367,39.07938504071737
368,39.2393077176447
370,39.09949959782421
373,38.746238580143064
374,38.91057870438747
376,38.5509554445533
379,38.74463421414693
380,39.381111833151294
382,39.767338650821216
385,39.95939410343102
386,39.736676175928864
388,39.46941224903676
391,39.44501572221556
392,39.28492280018281
394,39.94659051338016
397,39.722205289644855
398,38.19084147237772
400,38.44613923692608
403,37.898494552006625
404,37.461040273882645
406,38.820561776350615
409,37.58171615871529
410,38.163630517340486
412,38.22540976643155
415,38.883254724357414
416,38.63733796080089
418,38.87869526578331
421,38.51727439703732
422,38.74197519631548
424,38.66805040092159
427,39.048732102515864
428,38.88885566196255
430,38.32590207064754
433,38.46766439926757
434,38.17870502115152
436,38.44936338210654
439,38.215684867629065
440,37.94709603480287
442,38.346441810205526
445,38.15895871455003
446,38.814770858558816
448,38.62964137621977
451,38.938933203266785
452,38.391225361313204
454,38.6536475116899
457,38.55230455382553
458,39.169574594474895
460,38.42178183972152
463,38.94474900202553
464,39.05116984433027
466,38.96866129917667
469,39.193884807315875
470,39.42074943959136
472,39.465712743988114
475,39.30041201830002
476,38.9294720241023
478,38.618556623704585
481,37.84387635798101
482,38.21090564278808
484,38.1186282358218
487,38.507542858934634
488,38.452322223286
490,38.59920918377826
493,38.033886935290234
494,37.509935272117
496,38.77430438767024
499,38.446504003868256
500,38.460999184333865
502,38.148571860681166
505,37.96428184269985
506,38.04053926852542
508,38.28437990057065
511,38.5967955990493
512,38.53414998814352
514,38.697904413545295
517,38.57424776754991
518,38.92454023778718
520,38.86926251721969
523,38.41361968515889
524,38.76103419356242
526,40.36106736844679
529,39.86330955927832
530,39.579338115729506
532,39.71302528190453
535,40.227911141085116
536,40.32038950913885
538,39.732194409917675
541,40.01098743875461
542,38.18350024635319
544,38.068505122220195
547,37.96997289184054
548,37.880351384223836
550,37.876698334569404
553,38.0952316791675
554,38.058613370754856
556,37.716470895921816
559,38.725075477791776
560,38.7315553738913
562,37.47420725946243
565,38.61499967002407
566,38.58424204912244
568,38.61053368892868
571,39.60183787205502
572,38.732952289851404
574,38.12577239837564
577,38.30740126774473
578,38.05826243517665
580,38.07893747163393
583,37.85628048668773
584,37.88573139897316
586,37.78575467676257
589,38.04889736898652
590,37.05402593936505
592,37.45736267020178
595,37.28844475485681
596,37.29738800210559
598,37.79184346006193
601,37.61598105755363
602,37.52669410128602
604,37.7435186567448
607,38.892510113136126
608,38.104278331193555
610,38.42193268717893
613,38.33598860788423
614,38.25964548443854
616,38.340355430501326
619,38.57077111592448
620,38.340336617635366
622,37.98155886538666
625,38.424686582928175
626,39.12936167802042
628,38.145238097081624
631,38.67234417671543
632,37.99999890985309
634,38.294568207422365
637,38.32890843149104
638,38.959191368744165
640,38.503744469380756
643,38.37703842802094
644,38.797550996766574
646,38.8545930165172
649,38.31725344311336
650,38.08487655591341
652,38.890475135460235
655,39.50340969417596
656,39.53596241735956
658,40.136147010125256
661,39.49218770275571
662,39.83892449020414
664,39.81906501147713
667,39.065539806877716
668,39.417209499486596
670,38.46690564408505
673,38.61693828400618
674,37.962263684279755
676,37.55783779880573
679,38.04986812157556
680,38.12382654267332
682,38.08295169008622
685,38.1300873401689
686,39.24412735290486
688,39.454763360788725
691,39.40034323177142
692,39.46857055176653
694,38.534222646188255
697,39.78982470612365
698,39.482776173727125
700,39.14309215969715
703,40.525088548433985
704,40.18957538362117
706,40.28874237302227
709,40.43922780980172
710,40.50954179713981
712,40.15428541179138
715,40.42129412152928
716,40.35290044683236
718,38.275298718909646
721,38.27857948191252
722,38.2644162752928
724,38.31294191029091
727,38.366345035560755
728,38.42124232462504
730,38.620882805345545
733,37.96363583248104
734,38.50957333900176
736,37.97475220498306
739,38.37436202297022
740,39.413876840452026
742,39.10362518808711
745,38.70133500501027
746,38.55660631838799
748,38.427523655320826
751,37.52841979614568
752,38.08945758197826
754,38.19311796198167
757,37.93744114619177
758,38.06144827979586
760,37.99706959111299
763,38.29118731455808
764,38.63199510308985
766,37.984003381127636
769,37.81561123173849
770,38.60319997298199
772,38.29745783874325
775,37.61478361551262
776,37.207649534561746
778,37.91515231988096
781,37.76767475863291
782,37.9477881283419
784,38.37515914264792
787,38.24486788789624
788,37.80528441517234
790,37.786306542149674
793,38.100570987221225
794,37.55544646338516
796,37.91085720102372
799,38.68592780053816
800,38.54500586243007
802,38.895646271725425
805,38.95250765595061
806,38.655481562364784
808,39.44167093714259
811,38.88225311124527
812,38.647448108338914
814,37.840969766915194
817,38.083285235024256
818,37.9046901838419
820,38.14795244553336
823,38.470854873647966
824,38.767556775944634
826,38.12386786001725
829,39.041491342435016
830,38.894286691802336
832,38.10830186780161
835,38.873559276437234
836,38.381091537417035
838,38.33141961903547
841,37.98573497326336
842,38.10106300491807
844,38.52074387592894
847,38.754711530529505
848,38.52237948254198
850,38.48848238590405
853,38.32340186880055
854,38.93968473071211
856,38.616957245162375
859,38.9202052995359
860,38.30085469946761
862,38.29946178498322
865,38.60334783342678
866,38.725567061669686
868,38.764139649278206
871,38.306431522101995
872,38.43837472364042
874,38.51672183544416
877,38.44341725319724
878,39.111656534107695
880,38.943547540601216
883,38.99473603304075
884,39.015955267982044
886,39.1682133772614
889,38.95315439484826
890,39.070827389980956
892,39.04482559688512
895,40.721538106755915
896,41.019970143855176
898,41.25993921821892
901,40.643870329946346
902,40.849833232583876
904,40.52282758767453
907,40.55406187142125
908,40.80381629067149
910,38.16729181919287
913,38.09591506678035
914,38.79941722598313
916,38.485261204095714
919,38.2897592906182
920,38.4523074146203
922,38.50905783579351
925,38.770501519213504
926,39.15122015637277
928,38.877080031780885
931,39.11033825410435
932,39.452515586606346
934,39.1047857277558
937,39.80175248416213
938,39.368100257760204
940,38.8696405907143
943,38.13993385127
944,37.97644611042468
946,38.26855413726642
949,38.01316233163153
950,37.988697739487854
952,37.79109740778439
955,38.20818528419491
956,38.26726065006876
958,38.01989444574289
961,38.26897303167697
962,38.4655613663669
964,38.24078923588802
967,38.31773709212252
968,38.404025205884466
970,38.71286295550939
973,38.804690991711865
974,38.53639070122528
976,38.50693512619445
979,38.92349072661831
980,38.668168567957885
982,38.40853767425715
985,38.29599012644422
986,38.832707846377346
988,38.668408219253784
991,38.68774766195824
992,39.47279405038283
994,38.686683067409575
997,37.84113135163506
998,39.302006418452784
1000,39.62206476541806
