,25544940.627575256
1,1084108.9338314848
2,1079111.047076171
4,1091240.6207692982
7,1087192.8100557365
8,1080779.0360896008
10,1088370.6557238102
13,1085100.4807982424
14,1094284.5173082056
16,1087613.680230942
19,1076062.0128278763
20,1072539.4139951193
22,1103807.420225551
25,1079996.7910153135
26,1096466.0946750303
28,1066929.3233773361
31,1126833.2031696492
32,1118848.6649106238
34,1098285.3463334746
37,1115162.3505777123
38,1110101.7809340523
40,1131072.6919965814
43,1099302.53763572
44,1132747.8875645858
46,1208172.6116538143
49,1182263.4799958095
50,1188323.5618834042
52,1202458.4290821764
55,1200742.132602724
56,1201158.5755029854
58,1208462.1202529822
61,1183890.0525014664
62,1093143.8225351293
64,1103888.2785997044
67,1094854.6417205085
68,1090911.201956826
70,1093190.709771857
73,1093354.7317629608
74,1115861.6552754873
76,1096181.7499035527
79,1128557.340481301
80,1116207.7729759733
82,1098479.9113056522
85,1134066.3408565938
86,1081857.010733683
88,1090386.8573119908
91,1129017.838916474
92,1107011.7290116465
94,1137906.3825611987
97,1141661.6888588222
98,1147390.8903004215
100,1120440.0736619083
103,1136825.5685982034
104,1140108.010546161
106,1153207.2409086083
109,1138663.0637384923
110,1112665.7663614159
112,1085642.454334094
115,1107427.8810793818
116,1101931.2173346065
118,1107157.249298839
121,1121542.5665786264
122,1118843.521345295
124,1112019.7078036224
127,1111258.1430221908
128,1114128.7750484203
130,1074459.6582191023
133,1077699.4454170521
134,1083823.5695151247
136,1083835.2177619722
139,1057071.843959755
140,1104733.700974178
142,1120184.365968968
145,1154024.1401338286
146,1122841.5236998056
148,1153562.1092830952
151,1145524.9543496792
152,1129741.539129546
154,1134260.1992623883
157,1142187.475118005
158,1111087.369262278
160,1089594.5085838176
163,1118225.0901218047
164,1093742.0168774459
166,1120222.2434242917
169,1118439.2855216372
170,1093627.02667495
172,1111246.9108181777
175,1164656.2912903698
176,1152298.4338431067
178,1156312.2138482695
181,1143992.66131816
182,1163957.7351731025
184,1130163.8320423148
187,1180782.1869963915
188,1152050.9458199884
190,1042725.114823739
193,1065546.0465225189
194,1047279.5626254823
196,1057086.4452664352
199,1044225.4922156921
200,1012833.3502813376
202,1057831.8626072218
205,1070303.6293330803
206,1113978.0917824039
208,1106514.2971812729
211,1072297.5242383766
212,1104423.090783817
214,1093283.8095780292
217,1089018.6641823514
218,1104143.3025284149
220,1129348.5216004942
223,1129734.7550894332
224,1128924.4938888755
226,1140116.52067046
229,1141998.553587111
230,1122141.5693592445
232,1140309.0659233753
235,1112167.726479245
236,1126029.8092466102
238,1162842.2036828832
241,1143385.7942202745
242,1149222.947512469
244,1138687.540319997
247,1165725.6251259756
248,1161748.2464154435
250,1166199.9169626357
253,1123356.970775472
254,1260090.8995703375
256,1280947.3672922868
259,1281632.1905845844
260,1302877.0750881683
262,1266096.4297766325
265,1272506.9498128588
266,1259949.4332872059
268,1294764.5680082967
271,1135482.6208014523
272,1103559.1367609529
274,1131127.6924471608
277,1100712.0435890984
278,1122247.0220675634
280,1105557.4826185454
283,1112887.4448265515
284,1120079.8046444915
286,1106374.305594438
289,1104744.4963271692
290,1108781.4343498484
292,1092069.8604764694
295,1132738.454767561
296,1142049.224899085
298,1112383.2666059062
301,1096569.0422536375
302,1178462.641306446
304,1193374.4351265165
307,1170286.671771543
308,1172245.78567122
310,1178289.7386947197
313,1191810.9552664456
314,1198721.5900932665
316,1161416.5938609946
319,1146509.7122236993
320,1165450.5054529584
322,1168285.2293283588
325,1157685.1428842864
326,1172287.4228419298
328,1147088.459131248
331,1164300.1939765369
332,1155829.687401138
334,1017936.0437046486
337,1013693.6927731883
338,1014461.3306091231
340,1024281.5621028829
343,1017933.7435678301
344,1003345.3033855844
346,1039817.5062017686
349,1022487.8959320204
350,1094711.2903922542
352,1087919.2663173676
355,1099554.0284333308
356,1084496.9711748688
358,1093630.6151421715
361,1092578.9739557866
362,1098133.2283218468
364,1089237.5345614888
367,1139180.1303102716
368,1143049.4522799386
370,1118607.3566090374
373,1150162.7132568443
374,1168631.0093343644
376,1163953.682504146
379,1129868.3020960065
380,1139412.0487421083
382,1103740.31863437
385,1121054.4158003123
386,1125155.1005821396
388,1135425.1127733283
391,1108940.417942501
392,1107223.0144610403
394,1104815.838398262
397,1142366.2906174962
398,1109630.9440923627
400,1114670.533416759
403,1105633.1492084449
404,1102809.539024172
406,1082877.1491412413
409,1119954.9781524376
410,1090283.845388289
412,1108533.1419005613
415,1180172.7219045407
416,1190037.7582790542
418,1165631.2006794473
421,1182142.7663350096
422,1197482.216131476
424,1171285.9931718924
427,1210709.6599611198
428,1193443.896892332
430,1118634.6285800545
433,1094768.4353963532
434,1112754.2565756643
436,1098237.5942341182
439,1127388.0855532459
440,1089776.6536156689
442,1112850.0738039569
445,1081629.4499945561
446,1099067.8978534073
448,1103661.842078689
451,1088425.800988961
452,1072834.2277134808
454,1129671.1838478348
457,1075341.968868487
458,1111175.9926596822
460,1116126.7547354
463,1116578.2238139429
464,1110506.4541964326
466,1117460.341814573
469,1129216.6819174765
470,1118375.507535286
472,1131322.5086040485
475,1118553.9954038593
476,1126428.9546280322
478,1077407.427295722
481,1086290.4111267522
482,1101102.9373613507
484,1098527.3067729915
487,1099304.874939627
488,1098122.400343644
490,1093446.0872159633
493,1105805.7543279117
494,1044612.6970991336
496,1029598.6400381853
499,1036757.7855214607
500,1041936.9710351117
502,1039546.5154392235
505,1038490.8276215856
506,1029602.4513575991
508,1025156.7881297709
511,1040436.4011404747
512,1061976.9554629317
514,1072899.4095342497
517,1058970.9943507935
518,1084392.4014766938
520,1058113.7441890081
523,1077290.768188186
524,1073382.3593215845
526,1065458.0441907637
529,1085496.6041967198
530,1058755.7798445404
532,1089451.3998973137
535,1094567.69346058
536,1093737.1675278896
538,1089853.0893889403
541,1085808.3368518087
542,1157227.7690392705
544,1152684.834164709
547,1153379.702462743
548,1164399.0837599237
550,1131485.2388958738
553,1145157.0468809076
554,1157224.7147022213
556,1150765.6272803284
559,1005044.0129783577
560,1009083.1398003304
562,1033743.8909950731
565,1023148.0649952354
566,1020758.6233922116
568,1024261.0892850568
571,1015969.0340804544
572,1057069.4912573956
574,1094195.0293856887
577,1109760.7590910261
578,1088139.8691217843
580,1111719.9199950611
583,1081438.7971301477
584,1091571.1916096015
586,1105497.5621990864
589,1078560.3668221068
590,1138958.0962363197
592,1116646.7631751145
595,1117827.2307349194
596,1120730.7928138885
598,1123838.3158782073
601,1130140.133224485
602,1152947.8594022826
604,1116188.996275958
607,1055868.882133947
608,1080666.6992606195
610,1068871.6665359423
613,1053710.9742748805
614,1065118.8543218249
616,1041049.7183244927
619,1066039.4431622117
620,1062177.3024112673
622,1079107.187784841
625,1062907.3291059048
626,1084788.0308173376
628,1095771.5815556468
631,1060700.9471874384
632,1074428.637871652
634,1054887.2870344317
637,1069732.214387099
638,1179909.10908604
640,1127582.1993923069
643,1135349.2216025603
644,1170286.7702054353
646,1142316.0643118208
649,1135786.5142524797
650,1165967.5160520913
652,1163078.4303779402
655,1048474.1387021283
656,1051964.3907980311
658,1057467.7882256526
661,1057574.1231545447
662,1076843.6669699429
664,1082847.6572235748
667,1080788.2736817831
668,1071986.5088694557
670,1144302.3882742533
673,1128908.965573084
674,1120560.1122919496
676,1139105.3577574056
679,1138237.6088198773
680,1145664.6934933222
682,1150878.6657017698
685,1153193.149684686
686,1119522.7479464607
688,1122835.4242545771
691,1139164.9575560812
692,1115520.9193088142
694,1111981.2614534963
697,1129521.6972662266
698,1135935.736957397
700,1124063.2049927623
703,1062913.782875919
704,1054069.362627491
706,1095771.7806451647
709,1088086.3404148414
710,1073947.503793498
712,1077891.5211562274
715,1068805.518906277
716,1096319.3848757634
718,1105020.6013312975
721,1101461.7492555464
722,1098785.2673434636
724,1074914.6045013433
727,1090924.522351874
728,1101439.7008879967
730,1109456.831192393
733,1108208.0813834947
734,1054233.8589875316
736,1032560.0967312455
739,1030411.2821220517
740,1040687.2740767181
742,1032503.3006651959
745,1038714.6514627076
746,1025708.4360302615
748,1048390.0520837471
751,1122564.431098394
752,1111728.6877126193
754,1113488.0170699377
757,1119052.3621972445
758,1129557.610314535
760,1105325.2518529198
763,1124270.543753718
764,1128277.3095581417
766,1169739.775006811
769,1161034.2463788039
770,1154911.7911672879
772,1170274.8881381885
775,1153284.8193251984
776,1159718.75291602
778,1155976.2395723972
781,1158131.7761005156
782,1134302.9361967933
784,1115906.34317747
787,1106345.8222990308
788,1101960.5645126272
790,1126809.816258181
793,1107966.535964634
794,1124980.733087421
796,1086843.3031343936
799,1082774.6698818193
800,1052198.9232627696
802,1064145.0173794716
805,1077826.2213183364
806,1095183.2817136657
808,1071239.843444982
811,1092971.2541548284
812,1076238.2511623597
814,1081700.542735204
817,1089557.1579091572
818,1077771.6416963597
820,1106833.1400904683
823,1059714.1743585186
824,1082438.5451455978
826,1072767.80559297
829,1118596.6225419687
830,1088074.475660219
832,1098570.9823156556
835,1112219.2745078995
836,1090473.8859039238
838,1086814.4634080445
841,1068253.769973886
842,1073587.8902100208
844,1104454.3176917536
847,1066180.5984453715
848,1065571.5272667424
850,1073400.7423832382
853,1066785.324288353
854,1073217.848517528
856,1054491.8693239659
859,1053798.9583006273
860,1042917.550550918
862,1098833.7354425006
865,1107992.5899398683
866,1093985.1682250462
868,1086772.351119928
871,1095520.0177403132
872,1092073.3775316528
874,1091610.1852601967
877,1104407.5671057866
878,1109754.6100544245
880,1149413.148189347
883,1132561.0527202408
884,1144748.3941075813
886,1151281.0953411823
889,1104436.343814258
890,1144952.6077017677
892,1134499.9614366067
895,1075786.0516109392
896,1065640.4346685375
898,1078293.6089509157
901,1071883.6309460343
902,1051015.9400953841
904,1058259.2514512844
907,1101854.2446688705
908,1050263.2566595853
910,1077711.116169742
913,1082613.705629497
914,1085593.775244973
916,1077431.2731621724
919,1070362.161911306
920,1074744.230892671
922,1053778.4010315442
925,1075271.0168665391
926,1136900.9804604654
928,1155480.2211660044
931,1136988.9122767725
932,1154136.5373793212
934,1164521.4538007325
937,1143213.2875273922
938,1136895.3032844197
940,1157525.1367918618
943,1089153.8570704176
944,1078833.3694379632
946,1082885.27330306
949,1079211.4655453134
950,1076906.7770909513
952,1073139.5694902954
955,1078437.5938924886
956,1092822.2042450253
958,1123096.1337343657
961,1113575.1783706087
962,1134356.3838407523
964,1104776.1322962332
967,1151962.779563726
968,1130701.3872706797
970,1109623.4436434181
973,1116253.5152509953
974,1165370.709741909
976,1148182.7782974013
979,1160451.6092716157
980,1163889.605321341
982,1180977.8705921664
985,1176937.865869959
986,1182090.7878563413
988,1183439.902264867
991,1120254.548061717
992,1130064.4570403106
994,1134831.9099724158
997,1123343.3055179368
998,1124273.2239243165
1000,1128277.2676602276
