,25717771.983054522
1,1082939.6423136669
2,1098924.1862136116
4,1076019.8900310465
7,1044022.3434468084
8,1105111.3341082945
10,1093808.3962991992
13,1099490.6539488104
14,1160565.4121327687
16,1161060.4511422229
19,1155886.399426018
20,1152389.4182489477
22,1145243.861510269
25,1168935.0631908777
26,1159664.6731316866
28,1137544.049911352
31,1132955.6997375328
32,1133899.331331622
34,1124250.4239118446
37,1145529.3859409497
38,1140714.9345588826
40,1149886.4984519891
43,1134115.9646974327
44,1178566.8078702614
46,1084638.7729040927
49,1109350.5542888986
50,1060086.4099687599
52,1102157.2484707946
55,1090311.3744841055
56,1085419.1103118965
58,1098068.7931847821
61,1066993.3976082867
62,1048955.1268868556
64,1086710.233341205
67,1070754.5430931554
68,1088389.0270350364
70,1068680.3774106675
73,1022661.5820602933
74,1005273.3434861448
76,1050829.053008312
79,1078946.0782753623
80,1075747.9352918642
82,1096595.285409682
85,1087591.925816266
86,1092878.918605227
88,1086979.1772163897
91,1081702.1368148224
92,1078814.6859920644
94,1142622.3508365923
97,1101229.0188715141
98,1079699.607853065
100,1128988.037256344
103,1071588.565687881
104,1084829.5093507709
106,1099570.1130559037
109,1090043.7319086445
110,1083073.0174099305
112,1096864.2249167825
115,1074817.2916570622
116,1087552.179586698
118,1088387.3240289893
121,1090651.7958442357
122,1086988.3511677266
124,1067732.830431189
127,1194883.9573622348
128,1193003.901856276
130,1181789.5058425434
133,1199640.033397967
134,1162779.7143941524
136,1186776.6961597055
139,1199443.3853691358
140,1176661.4810521046
142,972256.8233921027
145,959798.072050684
146,969842.3582747318
148,964902.3597508519
151,957196.0248279594
152,969145.1552363912
154,975981.8804985603
157,972514.897492092
158,1135890.4691891551
160,1132374.7460555038
163,1103266.7230375286
164,1129559.597425583
166,1121051.6060394049
169,1114934.3387338533
170,1107141.1994881833
172,1131616.1246881871
175,1082379.3003841287
176,1080528.2286039172
178,1071443.8736606273
181,1073012.928495565
182,1071573.7422237725
184,1077233.298036521
187,1084270.3318978061
188,1073501.643552666
190,960472.2823038222
193,996734.267233425
194,1002322.704987291
196,998641.4036642738
199,1005816.3822734888
200,1008889.2751455682
202,1005697.1187497353
205,1022292.6396388154
206,1008317.404225142
208,1014446.1989303079
211,1005829.7577387883
212,1020679.249277041
214,1022898.1175036563
217,999778.2141347233
218,1021729.9465458887
220,1004371.1141486117
223,1073838.4257822447
224,1090161.4074069012
226,1089090.0640445354
229,1065274.559477424
230,1089405.4636751974
232,1119840.40068788
235,1097651.3498555725
236,1069931.5776974247
238,1090313.2459041052
241,1066291.4245835494
242,1076749.7002089415
244,1081584.7508616094
247,1083531.2885539106
248,1076093.285265175
250,1094739.2220859702
253,1092755.7353583255
254,1079576.1278841877
256,1087729.1557858582
259,1081446.1279625106
260,1075027.8487280172
262,1090722.3934785174
265,1090721.1680900117
266,1089497.3374610322
268,1089960.104765704
271,1117205.066066542
272,1071887.8412843489
274,1050389.7651575038
277,1072731.0797118398
278,1099287.3390430056
280,1040243.1181295117
283,1084835.677563116
284,1070091.818943023
286,1059037.4977551107
289,1044519.787503203
290,1048904.4429178832
292,1068535.6473255858
295,1056868.5492891085
296,1061719.1684165646
298,1068794.2126730548
301,1032800.6774905928
302,1105092.506418138
304,1080027.4010980632
307,1107695.9586577506
308,1099718.9583237693
310,1090556.8384430856
313,1105941.3829215462
314,1077157.0887973006
316,1093550.5248824905
319,980623.8605648653
320,985848.2519782436
322,981831.516486872
325,978108.6148600109
326,1002949.6176460508
328,1005206.5965411495
331,1016823.7580668454
332,1002781.6192757165
334,1059129.4765318364
337,1070962.9020052745
338,1060400.5200484477
340,1065008.1153764422
343,1079379.5247857894
344,1067381.7111745044
346,1063650.2118176077
349,1064645.225845289
350,1151226.754124253
352,1144901.2066791076
355,1150210.1793746122
356,1155679.7962172937
358,1145957.688224682
361,1148324.694319766
362,1147177.6934130068
364,1149637.9997371342
367,1103746.1252997224
368,1095241.6139496109
370,1119211.9663309173
373,1101062.3237762102
374,1108186.4914205805
376,1096411.063623933
379,1100706.0876324552
380,1087742.3841493528
382,1057065.2365180734
385,1070113.90709187
386,1076189.775665819
388,1068643.0804869328
391,1053017.4976649126
392,1072527.7568138482
394,1054182.43083812
397,1062480.8735389027
398,1085939.4133476666
400,1090202.0810840095
403,1088741.2098407475
404,1074384.7356978538
406,1088919.7247655576
409,1093166.6264961113
410,1089850.6832143536
412,1091204.3697701686
415,1130728.1493154415
416,1161613.9949261984
418,1142350.287447808
421,1122175.985840784
422,1138689.3876038752
424,1160859.1271281496
427,1127235.0439105337
428,1134863.8558654028
430,1057264.4880126347
433,1105971.1863444918
434,1099283.4686839492
436,1091369.7819799455
439,1076122.2426681477
440,1076515.5836828465
442,1090529.5736131046
445,1093437.535458624
446,1021025.7721659623
448,1012553.372741032
451,1027865.1943013057
452,1039123.518725527
454,1010364.3657270106
457,1031595.3083711669
458,1028218.5166746319
460,1025851.5220626977
463,1101056.7711686522
464,1103010.9041255943
466,1095659.5690462594
469,1099451.5799420583
470,1101643.5192407228
472,1114469.328893182
475,1097181.82990688
476,1082414.3500593887
478,1095261.9708737277
481,1105857.362667898
482,1108984.4324730225
484,1112251.8819454887
487,1099891.745152328
488,1077721.7863599916
490,1096411.4870119684
493,1115825.0103601466
494,1101065.343516046
496,1098548.5442178154
499,1110479.667925928
500,1118163.8260351217
502,1100923.7833892088
505,1103876.375390056
506,1099467.5695575392
508,1112613.675416427
511,1092116.8592571423
512,1103932.7301083177
514,1096909.0025861617
517,1133864.9316117438
518,1102486.8363606161
520,1101930.1104338302
523,1098153.1645301876
524,1082737.1851636095
526,1085420.7867683617
529,1119107.8889549351
530,1094752.6953786307
532,1129170.0814258326
535,1114616.80381364
536,1101429.7705201134
538,1110733.1834900079
541,1121797.91377351
542,1106651.0293125105
544,1075749.7949311424
547,1076002.8327804508
548,1108200.268152648
550,1094987.9482480679
553,1098773.7890585791
554,1099804.630969731
556,1094579.8295068708
559,1086141.752328967
560,1064985.3400770891
562,1103191.2207521165
565,1104607.9580065592
566,1089962.274254105
568,1057339.7018756545
571,1093479.0993050663
572,1071322.622744288
574,1151849.4471909292
577,1142490.367132957
578,1142325.6004980758
580,1137369.1701529783
583,1123935.743748981
584,1142684.6862733124
586,1112137.1741858055
589,1160757.5571627559
590,1044765.4677497657
592,1045009.4470814167
595,1019644.1405782505
596,1035422.48577524
598,1038928.3838844054
601,1032274.4033820564
602,1033151.6853912029
604,1043058.4669486182
607,1159895.6779970082
608,1152847.0819276143
610,1161530.1807209041
613,1176220.660523195
614,1172029.9115650116
616,1182199.2914259906
619,1148885.1350947304
620,1169174.0363368015
622,1134244.1582987178
625,1129204.770035738
626,1134017.4602741082
628,1108836.4985519229
631,1142235.9014211732
632,1148257.1638211804
634,1123639.1449311574
637,1127784.247226552
638,1115813.1187501657
640,1117944.3462943793
643,1123066.5210372596
644,1106557.8869941381
646,1142914.6715020202
649,1113910.6368622861
650,1133208.84004916
652,1108196.0762880365
655,1068805.6465515348
656,1068640.75840866
658,1075611.545548231
661,1076888.391685107
662,1072152.6389532555
664,1065836.9619267962
667,1068117.1730837533
668,1066995.2283207432
670,1070898.0015954485
673,1060594.3861385747
674,1078898.949988939
676,1061028.4514676495
679,1093199.1800623175
680,1081437.733258786
682,1078571.485585837
685,1086594.2805074612
686,1079272.3533781706
688,1073298.6068024135
691,1079608.5732911907
692,1091856.195996647
694,1080382.6112665774
697,1070433.436822519
698,1094162.5924404338
700,1069052.99816659
703,1056718.8228349274
704,1044254.404977182
706,1049391.3158290975
709,1052528.6125099545
710,1042888.2164280656
712,1048910.7057369496
715,1065423.8580006782
716,1066863.3383773782
718,1097144.8569184649
721,1094252.4581263724
722,1104348.950533903
724,1095877.9739848464
727,1096666.8241459248
728,1103215.6923718792
730,1085092.9467797207
733,1097056.8243690424
734,1083317.5160266384
736,1084585.8235743954
739,1097418.6974434925
740,1089074.3191433488
742,1097522.4265269195
745,1083120.8067392558
746,1071363.7983947084
748,1075573.6943432603
751,1141756.3011850123
752,1141341.2467748336
754,1117481.6587123536
757,1147124.9964425822
758,1100827.8402368948
760,1139715.5327272536
763,1113686.7766781352
764,1132630.9903280556
766,1113505.5072228976
769,1115140.1412865373
770,1095064.6008733846
772,1109354.4908093151
775,1097690.1005961893
776,1093876.28612705
778,1103040.7703284132
781,1104080.5638766254
782,1022135.7424580655
784,1050905.492473421
787,1024685.9841701105
788,1053252.2527934685
790,1081874.4398424677
793,1061406.7225867258
794,1079973.8618072465
796,1031216.2828801933
799,1119103.6868458719
800,1122302.4822198816
802,1128794.6073871334
805,1117224.4663355863
806,1097374.3263291551
808,1126322.144043649
811,1127164.3892420786
812,1119711.8677396607
814,1107402.1940539759
817,1084206.4305117282
818,1113102.6233400165
820,1093124.4997860885
823,1092140.3737178429
824,1083781.9230232234
826,1099757.2708432232
829,1076202.4327120879
830,1112502.7483275586
832,1062827.2138152425
835,1065856.2756732379
836,1075039.8890082028
838,1086460.0062324263
841,1089658.6356816685
842,1089625.5063046678
844,1078099.4902833966
847,1095267.3739849222
848,1106433.9931879593
850,1056302.674459469
853,1089839.045203406
854,1088017.7996625425
856,1127823.0889868173
859,1110289.8543300412
860,1087654.8287911478
862,1117047.4090042142
865,1111499.6407981426
866,1102800.0226746332
868,1108218.5222660028
871,1089578.087976937
872,1091093.4149123977
874,1091176.4545099349
877,1098488.568408443
878,1068755.3311473108
880,1068058.9785050547
883,1048392.1808482745
884,1081338.0326352345
886,1070767.6842317404
889,1055835.4883519555
890,1070005.8628105053
892,1077316.6119182876
895,1117365.3955868124
896,1094745.1360048328
898,1092387.2349154311
901,1104361.1720772246
902,1123189.8524799098
904,1110799.9060223156
907,1091555.4493038198
908,1113312.8569798123
910,1057493.5247420701
913,1083091.2784332111
914,1080949.0955199655
916,1059218.887900866
919,1069610.0687653932
920,1078568.0226217369
922,1082915.8876154248
925,1091976.2544994056
926,1099879.34590147
928,1103084.2205945658
931,1088647.7963106525
932,1050427.2054127941
934,1100945.9470021164
937,1065961.6554618345
938,1106803.582980679
940,1072382.9460096518
943,1103667.0494413555
944,1092215.2782209981
946,1098873.4744636326
949,1091382.366139394
950,1124683.2939285645
952,1089674.154317931
955,1109140.9162214715
956,1085472.6083920298
958,1099112.801799763
961,1136862.2382660038
962,1063181.4089237028
964,1115442.6225694704
967,1106826.371030166
968,1108343.062118666
970,1107176.7725341455
973,1112189.0758018584
974,1099328.7154115576
976,1092131.7550474077
979,1089546.076570756
980,1093578.1423041413
982,1077932.6757033009
985,1080607.6218728574
986,1081410.2798683576
988,1099270.6565995624
991,1081361.448025066
992,1104282.4198145554
994,1054718.5829366348
997,1066193.092352647
998,1097900.0785040825
1000,1087993.6850649482
