,25095496.34656396
1,1064067.0994143675
2,1063442.2833579408
4,1064282.1427657597
7,1062593.1291613353
8,1067291.744312627
10,1059382.0260339712
13,1060801.1489178347
14,1069596.5927791563
16,1064216.1028764315
19,1064550.0818932317
20,1062610.9510351312
22,1068782.727471205
25,1064178.4127087777
26,1060402.2487242376
28,1062313.7246301798
31,1128245.167335552
32,1103791.8748647298
34,1112663.8941971061
37,1118582.6912309902
38,1102680.826396936
40,1111554.0726078562
43,1074476.7830514114
44,1132600.5839375954
46,1116402.5656191884
49,1127750.8966126714
50,1105139.2936642698
52,1127450.7497716683
55,1131457.647395385
56,1124552.1119597245
58,1097011.1384850654
61,1114204.8622140435
62,1099629.8025565657
64,1098257.614110941
67,1112130.920000342
68,1091855.3722121033
70,1132846.0361482517
73,1110363.736378064
74,1124152.3145032593
76,1100569.8433444507
79,1114378.3588834736
80,1107039.5578562932
82,1111551.1779462066
85,1104610.9187890831
86,1122020.5954175661
88,1123920.6521954297
91,1110498.681276721
92,1098232.7735976358
94,1069658.0426464633
97,1098389.6157393905
98,1082379.9782620282
100,1095799.8500404102
103,1080146.9693303502
104,1076541.9496004067
106,1087657.3616717048
109,1092903.3794325406
110,1080528.6871555212
112,1082085.1022670025
115,1085206.4423933534
116,1096602.888472721
118,1077781.6273693314
121,1082890.5452090367
122,1097556.691654356
124,1091811.4036469748
127,1115057.5072633077
128,1096961.0757090265
130,1082577.6641227487
133,1112027.7199186764
134,1102010.4175736865
136,1110402.740561005
139,1104683.3816436986
140,1105981.615057989
142,1107263.1296201875
145,1091587.1271916174
146,1105116.7995658736
148,1097813.9654236236
151,1091253.373504871
152,1126725.3676174667
154,1101896.23000124
157,1122201.2399989604
158,1136371.2195880671
160,1108150.0179101143
163,1097157.2464161722
164,1123678.0908909526
166,1112673.5694838515
169,1096431.0405679606
170,1116162.7688025886
172,1127360.707546978
175,1122925.208373336
176,1107584.6346793808
178,1127503.8634407276
181,1109313.3694688678
182,1120684.5821332242
184,1128308.0833391405
187,1138876.7657940162
188,1142039.458047939
190,1089393.7674973093
193,1086379.7965714172
194,1094561.5997492676
196,1093630.531614895
199,1095995.736305806
200,1104727.2284599722
202,1097468.5450373676
205,1079672.6726360125
206,1093296.2218798993
208,1085949.5379997657
211,1090546.5880775324
212,1086922.3713230633
214,1101635.0066326135
217,1088698.7116666164
218,1091399.6072167235
220,1095770.0492198954
223,1197455.0423323547
224,1216454.628863726
226,1202450.3816627658
229,1209692.9023679462
230,1212928.2469178978
232,1213249.178574624
235,1211005.056655673
236,1197204.2618437002
238,1203974.1485566127
241,1206505.063862208
242,1214270.7839341844
244,1211523.3367751508
247,1206788.9425874106
248,1204071.1546242877
250,1202320.7294733487
253,1204763.0324994344
254,1070445.6968894175
256,1068692.7162172326
259,1061493.2438469452
260,1073148.9187257544
262,1065186.8229596538
265,1074692.052793139
266,1058752.4872709254
268,1065307.6244964744
271,1073645.7407100953
272,1062844.847834794
274,1065446.988687262
277,1056376.4908953211
278,1073059.0672135497
280,1067575.4464779466
283,1071236.336847036
284,1073133.2262200671
286,1089038.684413721
289,1104410.8490432936
290,1091240.526218165
292,1099121.7054654346
295,1093306.7254940125
296,1086513.0614235343
298,1090678.362309776
301,1094503.8202552868
302,1101812.6673606704
304,1101570.4843431914
307,1079752.7482474938
308,1098407.5264135182
310,1081796.657495195
313,1090406.3249522701
314,1101076.957244599
316,1081208.9125984053
319,1060143.1802739808
320,1045426.7078864855
322,1050969.9058123506
325,1076676.412609489
326,1077998.8211879164
328,1066179.86309975
331,1089159.519377374
332,1082921.1832423147
334,1052749.396123044
337,1062949.5466416518
338,1047932.7654481975
340,1046135.7152112194
343,1098961.0381126902
344,1052833.9997300708
346,1061270.697563732
349,1055913.3404631864
350,1100535.819572042
352,1106470.219051673
355,1101810.2275435156
356,1104427.9797969956
358,1099118.4588554318
361,1094605.4271366198
362,1107131.2030823692
364,1107865.9841485303
367,1098760.6082888604
368,1098722.6493623457
370,1100975.6918418347
373,1103377.154949158
374,1105486.9943902085
376,1096456.2724383166
379,1108859.681492612
380,1101429.0145753443
382,1095845.2029357557
385,1086315.6231618344
386,1095824.1979535082
388,1087030.1443392169
391,1085529.2140557216
392,1104556.3806033009
394,1076956.1739246019
397,1092795.3204191944
398,1086850.753436848
400,1101850.5246014365
403,1089207.6827864486
404,1097903.293308868
406,1096631.2779189025
409,1088627.222653232
410,1092899.149828185
412,1092475.230676214
415,1251619.516648187
416,1265457.3604683313
418,1258282.8871045327
421,1247890.7439347978
422,1250890.006370569
424,1251995.5976931462
427,1255434.0732556172
428,1256092.2261567242
430,1251236.2794025217
433,1254035.228686517
434,1255768.921172937
436,1248593.7296656568
439,1247086.4865941482
440,1245776.1631077293
442,1247001.1706828505
445,1253285.090149032
446,1100329.785489777
448,1086283.0670573085
451,1095158.568937246
452,1099141.7778787697
454,1075014.7444231303
457,1087330.037908266
458,1084427.8585301419
460,1074769.446865575
463,1077922.6910957152
464,1110408.2756315742
466,1092549.222085818
469,1088900.451335242
470,1093692.4381603952
472,1089501.0137463587
475,1092541.2142164542
476,1095208.316388965
478,1044517.2049678244
481,1054550.2308535443
482,1056576.5556670118
484,1054040.270517904
487,1055062.194545277
488,1052455.7432590646
490,1051612.9093384424
493,1038899.0742361298
494,1041090.2684318876
496,1052992.7283258608
499,1059248.251869982
500,1055738.3778362966
502,1054388.6118540422
505,1042221.1738515975
506,1059781.5212907891
508,1032310.1380408305
511,1130545.3760786955
512,1125445.2286851744
514,1111293.8535512688
517,1118852.1564575152
518,1126737.720227166
520,1130493.9017510551
523,1127072.2969787198
524,1130357.2538967435
526,1120125.571714528
529,1128417.395714858
530,1109982.3240475995
532,1133410.132897162
535,1120492.333876465
536,1123734.4667018321
538,1128403.3013933925
541,1120667.1050240893
542,1104388.8955503907
544,1118784.5933853
547,1119171.6454144737
548,1118400.854201354
550,1101021.3622448829
553,1102121.752826017
554,1084697.2403002656
556,1116876.9380367412
559,1090239.6839313535
560,1098965.7648546642
562,1101084.5489306014
565,1090745.495948291
566,1085163.5964185216
568,1089878.0319441007
571,1114392.980951002
572,1114101.4751556674
574,1090205.3326048693
577,1092872.6040713137
578,1097016.5739766194
580,1099190.617103226
583,1089848.9607230623
584,1094949.140587156
586,1090780.0600824626
589,1109642.6969816808
590,1109366.5648959784
592,1104008.663014177
595,1103309.1005388922
596,1089300.838133096
598,1101997.474740208
601,1102298.3044885257
602,1083863.0303202767
604,1121204.3191862993
607,1120202.7796393998
608,1107332.6257308398
610,1111079.7838609666
613,1117335.8641651643
614,1111447.3863827346
616,1110176.5098696027
619,1111284.7324035647
620,1119348.4329480762
622,1118173.8750775238
625,1112014.386894957
626,1111857.8304395494
628,1108627.3372427078
631,1108386.3794241373
632,1113042.0725334722
634,1110991.4461880513
637,1103910.3045454563
638,1134448.097434673
640,1112064.298080526
643,1123185.6181309123
644,1110146.5174947595
646,1142832.7203114592
649,1099897.778745775
650,1146714.9990671317
652,1120054.9808080655
655,1113027.057078706
656,1106036.6074669356
658,1117225.3908268784
661,1134396.0530208265
662,1136062.7615304
664,1114524.9037046914
667,1123186.9243072437
668,1121495.485265647
670,1073673.0423006066
673,1079547.5766256335
674,1074240.9842499474
676,1052811.523234401
679,1083089.816822718
680,1071927.19661312
682,1089910.9926588594
685,1086112.5570973882
686,1070522.1424772355
688,1083243.6038601333
691,1076683.044476262
692,1083431.70626407
694,1068720.5385938447
697,1075428.9000731672
698,1084422.8021167857
700,1066301.7060756069
703,1197465.8405547177
704,1201661.1082234632
706,1203181.101889567
709,1199611.2416461417
710,1198291.350808167
712,1201679.0817497466
715,1196947.3115746398
716,1203519.0544322135
718,1201567.1126355135
721,1202040.23825632
722,1205353.1763475793
724,1198642.7504379654
727,1200302.281240348
728,1197589.5870501145
730,1204283.6174394276
733,1198591.2198197974
734,1092433.0991086503
736,1076210.5086445871
739,1097584.5928697658
740,1092751.828124855
742,1088820.18601992
745,1092366.753869741
746,1095129.3548210545
748,1107417.1900027152
751,1107600.848169445
752,1094167.5017986502
754,1099964.0135565135
757,1093702.5894021664
758,1101736.1999487085
760,1089358.1911240811
763,1098780.7114531312
764,1098213.825360252
766,1095383.611583804
769,1080029.578968626
770,1082929.1868194295
772,1076300.791487025
775,1076121.5014494539
776,1082250.899283315
778,1076773.78511386
781,1084496.1717481362
782,1082400.8026654474
784,1081549.9442255914
787,1080268.6402392657
788,1096935.6600376323
790,1087640.3992219027
793,1088509.5324564567
794,1091289.0007398003
796,1090006.19277755
799,1140520.6986067952
800,1138677.7157262962
802,1135730.6019757933
805,1141217.5986283987
806,1134791.1812607537
808,1132516.3147664915
811,1134719.747770923
812,1134005.3466034608
814,1142649.533978083
817,1138568.850108148
818,1130444.1621586639
820,1137348.2392975874
823,1142524.5911204924
824,1136368.0200846947
826,1141112.5020444188
829,1133910.1650973489
830,1119724.285706089
832,1131512.1103987847
835,1118504.8058008007
836,1134802.402604852
838,1112779.587167911
841,1109388.5109719085
842,1108927.636196556
844,1107078.0310519403
847,1133058.3280842456
848,1129981.7301915514
850,1128421.693922841
853,1119433.9344627606
854,1120723.7946470066
856,1147827.2827634746
859,1125522.599974756
860,1126227.6976605651
862,1067816.6943185998
865,1076137.1735660385
866,1055231.56237826
868,1062195.7967446924
871,1041965.6825992378
872,1050145.5171526186
874,1039736.3050617058
877,1079399.4967563937
878,1062640.4385764932
880,1046340.3532861397
883,1051756.6414855705
884,1072846.3722251984
886,1053624.1124459163
889,1046522.9603932982
890,1057222.0895677886
892,1063257.6193748328
895,1086659.9538743428
896,1086422.059994513
898,1080401.0458344517
901,1084633.1969539726
902,1072890.480609581
904,1084790.605290129
907,1082809.35468631
908,1082692.90447708
910,1087540.6328819925
913,1068345.7731809784
914,1087663.3133283835
916,1088057.0993977871
919,1082342.8092040902
920,1064462.021012201
922,1095889.6418270774
925,1079268.8399634839
926,1123140.1685085082
928,1106710.671295821
931,1108637.1961059438
932,1131648.3773631558
934,1131226.9938732309
937,1115665.0022407984
938,1128175.4202540086
940,1097917.3823519533
943,1134414.207197302
944,1115990.362434023
946,1108137.3923833594
949,1087629.9225787823
950,1100681.6682312358
952,1083265.0037056403
955,1126706.1514594962
956,1099543.154792599
958,1104317.2960705
961,1076421.2060569916
962,1089238.1997081132
964,1071981.4810744363
967,1098434.695021882
968,1068604.8674820163
970,1071940.7853582937
973,1051647.514655569
974,1119013.085951101
976,1077806.511580411
979,1095440.6309134741
980,1063505.8045840864
982,1081826.8783364575
985,1074715.1683310417
986,1073514.638536097
988,1062075.0098525514
991,1126485.7363222376
992,1099236.7684597042
994,1120210.7282023602
997,1092048.6073921798
998,1118244.6992054794
1000,1121908.0632192018
