1,1232655.6039597858
2,1187269.1427710212
4,1223174.5819977901
7,1119120.309081361
8,1240525.723694838
10,1185770.0039305482
13,1189534.2518076745
14,993834.6895412295
16,970236.4778048362
19,988298.995320339
20,1024484.8776586768
22,1011871.3258984685
25,1005741.36227577
26,1023397.6131183146
28,989216.4752039058
31,1033578.250058459
32,1023568.1645867237
34,1028156.3224178902
37,1011669.0673779509
38,993659.395399833
40,1008483.2764185354
43,955611.5603173637
44,1000471.5391733256
46,1105216.7274137712
49,1054052.6245240972
50,1009805.3882513223
52,1116172.8311557032
55,999402.0254561637
56,979537.5354731617
58,1079051.2434457322
61,1059851.4789885643
62,1006410.1940461395
64,1076055.8063728123
67,1181773.3003279204
68,1143174.7351352195
70,1128755.281073893
73,1023646.2899543042
74,985174.3309641499
76,1212261.1292475369
79,1080432.1855697806
80,1049059.530098458
82,1145222.4325536834
85,1032129.7797447636
86,1164009.180299097
88,991209.0292527372
91,1110632.3482617429
92,1007715.3614482828
94,1142171.9272304391
97,1022430.4386173323
98,1015571.3509395715
100,1231238.1899800391
103,1127126.614842049
104,1097174.7766396897
106,1135751.2582475748
109,1185376.5325215927
110,968699.485513587
112,930160.8389157379
115,978439.3769926482
116,946987.0409595176
118,994683.7959351346
121,1010918.2109649766
122,924315.6423129275
124,994192.4266924458
127,1064751.2753272392
128,1115420.2215536274
130,1177508.5757471973
133,1187865.572098226
134,1139418.0846904276
136,1094445.8834062337
139,1188053.8440078602
140,1152116.6774590188
142,983849.9043680108
145,966207.6914718032
146,954884.3126755732
148,958987.5623010434
151,980131.0510955288
152,974310.7797526906
154,971466.2886795383
157,983320.2034368309
158,1019686.5174756516
160,1023942.4597579311
163,1047093.6549919988
164,1074757.0721082927
166,981851.9762662812
169,1045624.9626401295
170,1122294.3377182619
172,1067563.1038479113
175,961166.6754547815
176,1031761.1498684365
178,999750.4904278851
181,993006.1963133145
182,1081866.3522828044
184,1045375.7862890678
187,1030927.2648010299
188,993929.9767262537
190,925193.5482221777
193,984816.7878128872
194,1038346.8890972513
196,1031671.0522737093
199,1038823.4835544649
200,928808.1045990008
202,954956.5570126338
205,982611.0770077604
206,1122711.018555024
208,1079130.2815435203
211,1146485.2396382976
212,984658.384587198
214,1087863.294859238
217,1115102.696672052
218,987434.6175173122
220,1149912.9722453728
223,1006161.8598829142
224,985533.0258571673
226,982532.2420692693
229,953618.6904401577
230,1003296.9091279056
232,1002340.0542545614
235,1016805.6416141989
236,993560.6106632221
238,1084769.8241226936
241,1034611.8728220937
242,1037723.5319610437
244,1002147.1280840706
247,1081213.4116028396
248,1009744.920426701
250,1028517.3269378479
253,1005302.3145145157
254,1037759.1253731201
256,1090499.891743764
259,1113228.0287475367
260,1096169.8247148204
262,1114005.7732692403
265,1082255.8661160711
266,1061551.618143281
268,1130143.14695657
271,1132164.6644398319
272,1155119.0097456062
274,1190243.6892061215
277,1285024.9476645035
278,1219886.8329896943
280,1151138.963010041
283,1094978.838650468
284,1176554.2904293702
286,1008949.0665178646
289,1016361.8423738652
290,975903.6011714285
292,984111.9780933078
295,993013.688287454
296,1030097.1199727852
298,988150.1881650937
301,1027569.5881424282
302,1042732.1026464439
304,1044233.3994980508
307,1043751.723734224
308,986694.8078495386
310,1017135.4262105797
313,1042424.4766135183
314,980359.6541377936
316,1025787.7743671656
319,1080605.6401280751
320,1018376.3571514563
322,1068381.0044243399
325,1022400.5513549877
326,1125857.858410705
328,1069718.01699449
331,1027537.7639685794
332,1092584.7568147832
334,959736.5204309054
337,1015261.9000441106
338,1010607.3147311027
340,982071.3075680253
343,990599.9204592161
344,991376.5115720859
346,948141.7041650206
349,1002444.6154341849
350,970324.4666303826
352,1015385.980456937
355,991237.1904111172
356,1002806.7518793109
358,989355.2203515236
361,922677.9294730903
362,995584.795511611
364,972459.4405853227
367,982468.1168829956
368,980682.5377879856
370,973378.3156124537
373,926006.3177027212
374,999962.9142255051
376,926705.9258796824
379,1035016.8276141477
380,963783.5171219496
382,938059.139374774
385,964100.7362375143
386,1009917.2408063333
388,1001074.9764017528
391,1017389.043867649
392,1026913.6134997581
394,963018.3525809838
397,1022383.1482452241
398,959509.9550456898
400,966045.6687540058
403,951352.6048220417
404,959851.8925692103
406,946774.9909488948
409,968331.1648786258
410,947393.124382444
412,965572.3494680135
415,1154267.587248127
416,1127032.6831280945
418,1115834.2199959042
421,1156821.8929211183
422,1183407.268004295
424,1209931.4896742795
427,1199690.5098716903
428,1206929.1058410176
430,997682.5952282142
433,996077.9234357125
434,1052958.355140898
436,925734.5296250964
439,941244.4758265567
440,990378.7703123637
442,982054.6661822316
445,959873.6729243365
446,1025860.9853649642
448,996003.8626133433
451,1049523.7785719202
452,1030635.2227090285
454,1089517.765201333
457,986609.0240279266
458,1033874.1221173507
460,1081406.631141156
463,995317.005301506
464,1022897.7461464106
466,986733.3008496097
469,994184.8599347462
470,980902.073185718
472,981356.3790912654
475,977647.7458746204
476,969303.6275264488
478,1019063.4478359355
481,1052539.9369439404
482,957826.1710075024
484,1009522.5252312724
487,1028718.1878446626
488,979472.2868752776
490,966170.603268133
493,1023921.7660096578
494,974239.4300899135
496,957140.1089133124
499,1004056.2327998454
500,1039571.5225110495
502,994632.3819537297
505,1000733.9846028236
506,913224.4148107533
508,1006283.1049734799
511,927836.5623564653
512,963892.3893506854
514,1003104.0961275192
517,955928.5995468036
518,973486.5388468307
520,937796.8939566711
523,934944.8875833239
524,934838.4324699508
526,1090028.7293272584
529,1017252.9837932882
530,1111319.7926928583
532,1054875.0105662157
535,1063950.6029035365
536,1099575.6338844488
538,1059633.2610708456
541,1068089.9358693643
542,1065510.8458948943
544,1063876.5109424288
547,1110117.142638291
548,1064248.6331488886
550,1049260.1353041544
553,1116743.435463183
554,1001920.662924021
556,1093790.3669978261
559,992732.2735299714
560,987382.9540349978
562,971207.03530805
565,985488.5044458234
566,1015355.7860393625
568,997718.1272757452
571,1001398.4298134545
572,939274.4850593024
574,986895.6438001493
577,982933.7246184816
578,974659.4564420762
580,966174.7518170859
583,1005265.8328082691
584,944872.0791025587
586,960174.8311784214
589,997988.9124760401
590,972975.1209840785
592,994447.9980852783
595,967817.0626534227
596,971591.7967868017
598,968160.8544193568
601,984695.0014960456
602,995572.6173945803
604,974638.4304199739
607,980727.6669071566
608,1045498.3131416676
610,997752.2421214615
613,964984.2743446281
614,966296.975662521
616,982232.545646589
619,1020078.2277963535
620,983960.7382455148
622,1018570.6010325043
625,1026823.7565908639
626,1045913.0957237156
628,1014777.4393104356
631,1027274.8035951167
632,1005634.3296635476
634,997603.2793424666
637,970345.1466481616
638,901509.8544854459
640,983481.3677588054
643,943467.7277239776
644,992642.7046448303
646,950130.408427448
649,995232.2472775008
650,937582.4205894514
652,951684.051799176
655,922158.085208131
656,944975.8693319977
658,932789.4876314143
661,939797.7628402737
662,965080.4595288849
664,981375.1414450691
667,928686.5362611248
668,969818.6219082675
670,977479.6248062988
673,1006865.3037425124
674,967076.4370397265
676,1009055.0823317075
679,1024147.6823291987
680,971672.310209105
682,1011510.1561373532
685,979277.7134174936
686,1010324.3268791629
688,988911.499631697
691,995451.6584012188
692,1009233.9938226287
694,984478.1445666151
697,995252.6196765738
698,980162.9702385645
700,972456.7115787955
703,1025588.7515483632
704,981735.7266674031
706,972912.8029098926
709,1008600.1444027881
710,954083.2814890993
712,1014165.7505601449
715,997843.5043770414
716,963517.184054904
718,1152581.8287692904
721,1033710.0807575497
722,1123492.9976507514
724,1066907.6742158984
727,1175546.081461454
728,1160625.713599046
730,1087592.5798608167
733,1071265.6820466202
734,984992.694294735
736,998513.1838274869
739,985877.7649174896
740,1014136.226762213
742,1054757.1623568938
745,983296.9413169314
746,1041901.5627577059
748,992851.3799621149
751,962714.95052463
752,934026.9271343625
754,976931.2433746788
757,1009863.9638916218
758,918907.4469453485
760,951594.0399097292
763,995393.3821979606
764,1020814.9450022681
766,1054184.5976981337
769,1070179.1408561873
770,1039473.6838035857
772,1078125.3208967014
775,1063194.1848008044
776,1046327.8484378775
778,1027919.338087939
781,1045358.8832527604
782,1001978.6199993375
784,939043.6910160587
787,981928.6257195416
788,996514.9726355221
790,941145.6637553799
793,978766.788648244
794,980993.020845671
796,992312.0621294483
799,978426.1531131112
800,1058923.1503949007
802,936329.0046894983
805,941918.1438788171
806,1034673.014641543
808,1003223.0482143356
811,1009622.4470570222
812,947110.5604479287
814,977592.873635589
817,973551.3089139755
818,976759.749976058
820,957249.834071829
823,1039212.704846328
824,999754.2543229221
826,987568.6226120583
829,934599.6399313842
830,940343.4215751445
832,979899.2536205628
835,1154556.0476800723
836,1002309.6903931473
838,1108385.953332653
841,1151830.3858703568
842,1130921.9613174887
844,1121519.8567009226
847,1003376.0145300617
848,1007567.6776450668
850,974748.759846151
853,962722.4887827241
854,987560.5185846908
856,954304.6388565457
859,1014995.5825350524
860,977756.1978986876
862,1001172.8292320363
865,1022171.6319656966
866,1021796.4099702275
868,1016054.7369837885
871,1018247.1457424007
872,1037329.9702037213
874,952044.0508589472
877,1040928.4248385567
878,1072151.4484992912
880,1101937.8825886077
883,1086633.0862662904
884,1162481.0051553834
886,1055814.7513021152
889,1140814.1882031686
890,1138081.0289702315
892,1159672.0607990217
895,1118171.2986089517
896,1156089.7329289566
898,1132105.5426870033
901,1132852.1781643145
902,1030076.3375100195
904,1075080.9909012641
907,1056487.7216676685
908,1053966.794587397
910,1011165.6188747366
913,1024996.0449516011
914,980146.5831283755
916,974202.2075615289
919,1033761.938598874
920,983404.9362797823
922,982835.8381315384
925,949515.5562116372
926,1085785.0508370872
928,1073161.4877182178
931,997927.1573594823
932,1027017.6051473079
934,1046172.429455811
937,1108439.899980322
938,1134139.7192100603
940,1045057.0655053406
943,1078280.2541522367
944,1119388.7518803135
946,1056607.447327997
949,1096142.9967835897
950,1089847.381760031
952,1076204.1431934503
955,1046000.6612620333
956,1031246.6327120821
958,933711.8018459032
961,1016232.7403996605
962,987906.9021550439
964,979266.0703356536
967,999759.0385824668
968,1005544.2364684432
970,990901.9823578239
973,947226.3756063291
974,1094386.0105771048
976,1108587.293858722
979,1106284.567514522
980,1103080.41600372
982,1013717.4349686657
985,1121404.9053898468
986,1109391.1817463983
988,1011435.7340703335
991,1139559.6768612533
992,943665.5300512818
994,1060283.7350727743
997,994369.1945256938
998,1037017.4646451287
1000,1038282.1208142659
