,25888351.58603715
1,1106887.6743740833
2,1108052.3486415616
4,1083865.2435865337
7,1095256.9588565393
8,1113605.5588997297
10,1091543.5854683404
13,1089795.6202671276
14,1095640.352002952
16,1099926.8191922272
19,1099394.5934272194
20,1095382.8085027214
22,1116910.2501479858
25,1109214.7987312996
26,1104775.6389136058
28,1102529.3052108395
31,1095146.4521395664
32,1117363.3660852893
34,1104037.9040363496
37,1116358.3080533682
38,1109536.0204237953
40,1109800.677571237
43,1094821.6505466895
44,1101860.715966998
46,1096851.3569291418
49,1105649.5754740413
50,1126855.3603673193
52,1118303.3961607157
55,1108921.8119083836
56,1118423.2433958747
58,1107825.0099862085
61,1111237.8453045601
62,1095989.5187483635
64,1097031.9217670988
67,1110056.9662047562
68,1107534.1145859817
70,1094910.8729574813
73,1104597.1205182124
74,1088145.6706605698
76,1102912.806751105
79,1097651.3314023102
80,1091546.7653125247
82,1097837.610998519
85,1090714.2104951942
86,1112271.52126278
88,1104547.257135473
91,1095464.8717897572
92,1104123.9006604757
94,1072004.6080708257
97,1060214.7863729317
98,1057843.2989538438
100,1064485.043941254
103,1068935.9472177047
104,1072621.2717731174
106,1074168.0299309155
109,1068643.3810586622
110,1082214.1420863403
112,1056779.5141967272
115,1068624.3297741949
116,1054727.3405663865
118,1069981.530906137
121,1053954.0079679887
122,1071342.8935703945
124,1071109.9783013607
127,1068874.749456699
128,1073547.419629925
130,1059695.4497076818
133,1073081.2727249123
134,1058535.3970426216
136,1076025.117162293
139,1076973.347618171
140,1071106.0753298136
142,1075600.4643615924
145,1060719.2919190913
146,1067331.8857317062
148,1056970.9501687086
151,1064076.5092404082
152,1054866.9728686253
154,1080427.4786536105
157,1081047.984749416
158,1134342.1811893492
160,1133560.3217210504
163,1127451.8165215591
164,1136392.335457347
166,1146196.7533514872
169,1135151.2926540794
170,1123791.4314762028
172,1142226.4234021322
175,1141551.8449651336
176,1133983.6717587553
178,1147420.8898503461
181,1133423.8755469057
182,1141601.3463567605
184,1123953.3575688836
187,1141113.0644016007
188,1128409.6081250207
190,1125802.3692736486
193,1107889.8584674262
194,1127908.4356736087
196,1122101.5566735384
199,1112374.0932589471
200,1118722.2292067597
202,1130252.9542391852
205,1109087.7672164356
206,1116648.5087658414
208,1128534.5315757669
211,1116683.667645459
212,1105854.6396481965
214,1121347.005608071
217,1096413.6987675983
218,1107826.3978870444
220,1124744.6037880455
223,1101312.5520798666
224,1132196.5244300372
226,1102073.149598503
229,1103934.9181442247
230,1109327.5084802068
232,1113032.1552627238
235,1114879.469015634
236,1110023.9152689772
238,1132222.2153916708
241,1117235.7831182156
242,1107405.059049115
244,1108430.8999807877
247,1119824.2466036696
248,1128399.5103214309
250,1094414.0729554915
253,1104683.0014557613
254,1165141.3613049455
256,1139458.6675914312
259,1161602.6570217328
260,1150548.9973190401
262,1147374.5111017765
265,1178230.2374589269
266,1146269.1400867817
268,1149642.7907024305
271,1133103.3810465797
272,1142799.1505324685
274,1133333.237618487
277,1130988.9769270252
278,1141231.6721878638
280,1126766.7063153612
283,1145615.2866579888
284,1126883.8542712117
286,1090498.4177183104
289,1084906.5711699938
290,1072680.4021559607
292,1080485.2285532712
295,1068165.0549521956
296,1047931.2579045336
298,1089671.752509235
301,1081757.2096081395
302,1049962.28831651
304,1068957.1431102464
307,1059939.6546183492
308,1040804.9856583374
310,1075308.9311495502
313,1058894.2124342339
314,1068063.8476724054
316,1089211.114188713
319,1083218.3439415968
320,1060182.180802127
322,1060643.5872196145
325,1065985.5621113498
326,1071462.2337754983
328,1051223.8869492004
331,1044838.0449423636
332,1068732.8528149389
334,1055153.6593873603
337,1076895.0225941208
338,1069090.7503165123
340,1052336.5352457196
343,1062108.8014533177
344,1051843.6436058742
346,1057022.1009489829
349,1061416.9180209385
350,1067595.371861625
352,1089642.8623172678
355,1070522.1329476638
356,1074252.4073853283
358,1088737.1547323992
361,1056854.8645134324
362,1064523.51436926
364,1059021.0877220815
367,1070819.4492329964
368,1074530.7636549997
370,1104019.7704377505
373,1082363.5272095115
374,1076751.5819296844
376,1061294.5741293195
379,1083734.2156667062
380,1078366.9967193974
382,1053360.3606949488
385,1058851.044355372
386,1052104.2314829032
388,1056474.3389667382
391,1039976.9188068446
392,1047769.9597804697
394,1058732.5724474103
397,1040148.2873421364
398,1056361.9036844803
400,1063426.0661584102
403,1057376.7123376094
404,1057461.189989227
406,1057661.0952262674
409,1051212.2545856545
410,1057771.5566606137
412,1058743.2966209054
415,1062034.422591367
416,1059252.2200973856
418,1051897.3945881443
421,1049567.0577354291
422,1050208.168704804
424,1049125.9304685853
427,1061552.9286036692
428,1059966.476940152
430,1061809.3115189413
433,1049442.1518981387
434,1039576.7959231728
436,1043603.4821614496
439,1050808.8970218936
440,1056716.4235396674
442,1073018.6406242452
445,1073351.7233791423
446,1111152.0810078622
448,1116855.918650205
451,1119512.5518807275
452,1117067.3159003956
454,1120536.2082050168
457,1121128.6899840664
458,1119674.539384635
460,1116355.2030972282
463,1110618.564750282
464,1136394.8532531043
466,1117554.70455013
469,1106535.041754567
470,1113576.8901517233
472,1126582.05384115
475,1113662.924928072
476,1124913.1338645495
478,985578.9625450507
481,978541.1511306929
482,978280.3983976645
484,975090.4336819063
487,976513.4360156831
488,989110.0282165803
490,966010.2988832036
493,978554.1950372199
494,984119.2390354349
496,987607.9613695329
499,966508.2399919567
500,969985.6962507765
502,982083.1080392959
505,975787.504777655
506,988553.2265619176
508,981371.6654077556
511,1188967.1656951602
512,1187380.3128113642
514,1189802.111773074
517,1190618.7734287793
518,1186483.6086700244
520,1187916.1330847465
523,1189904.4526914193
524,1188180.2367371141
526,1189351.3168658304
529,1193759.7526484302
530,1183468.2577173281
532,1188987.072908633
535,1189397.5629265993
536,1186959.0423653116
538,1187487.1288954807
541,1185801.1628035875
542,1116136.1712735533
544,1119361.734531477
547,1116833.4005146176
548,1123909.6319490413
550,1121159.563958965
553,1122786.3631465898
554,1127887.6404604865
556,1117170.2706411418
559,1111594.4367263166
560,1121270.4046434013
562,1119014.548674495
565,1119041.5842661918
566,1120585.6773321808
568,1109883.9897040438
571,1127996.7127603749
572,1123395.5528144196
574,1050517.42736104
577,1055845.6809919146
578,1057424.1180632384
580,1061206.1558054595
583,1060534.2377428422
584,1052481.6649896454
586,1047679.1633968324
589,1050541.457319519
590,1052982.1484852175
592,1053997.144277014
595,1050625.175789749
596,1053929.038097701
598,1047995.4857343975
601,1060757.6637952144
602,1060160.4378342452
604,1055338.7611657027
607,1113133.6097634095
608,1133551.7274127076
610,1118267.483150827
613,1095948.040484307
614,1091031.0576885291
616,1090199.3157863861
619,1115084.1597027634
620,1143858.3055811434
622,1104770.263040706
625,1116198.6953925213
626,1109986.696774646
628,1132794.4285628255
631,1108630.7879888467
632,1129045.1825337822
634,1116420.111740748
637,1103228.1974985974
638,1121114.5007007173
640,1129305.1167499882
643,1113869.184993579
644,1121930.1295390066
646,1122841.1011545134
649,1116384.033434616
650,1133656.602757964
652,1121562.8061277017
655,1130259.6674280781
656,1115307.7343644034
658,1122830.012095674
661,1138065.8984460712
662,1129452.7267847564
664,1125899.2297713654
667,1120966.117501819
668,1121711.6523325467
670,1146471.4593340775
673,1154180.8698702422
674,1146822.230996973
676,1152832.4035712203
679,1154306.0783556881
680,1150447.564406023
682,1151463.256180657
685,1156124.2193203298
686,1167610.7929153978
688,1163160.9076384678
691,1159430.0896522389
692,1147689.5140292672
694,1137115.4013979647
697,1153514.0149193017
698,1146977.9039413843
700,1148681.254384662
703,1082366.6424892158
704,1108162.4586129282
706,1094258.3615204915
709,1109215.0352955316
710,1094852.3777451687
712,1123272.7137007075
715,1098191.475215607
716,1101082.6195454304
718,1101334.8189672353
721,1115300.729623358
722,1097048.0445897789
724,1106287.2406390987
727,1116617.947815515
728,1099685.1611525011
730,1103890.8109025818
733,1116019.015803671
734,1168000.176790229
736,1162299.8415817544
739,1162895.9211350305
740,1174324.2187600443
742,1160841.2544742054
745,1168829.0887551205
746,1168956.6289989036
748,1165570.3102820772
751,1166711.7908194314
752,1160200.2801933363
754,1163473.4565547854
757,1170306.894701183
758,1162887.5384645963
760,1163064.2043605088
763,1161808.3456909838
764,1168465.2431161362
766,987451.3384221818
769,977947.5297391993
770,974676.4403588565
772,973542.7934237252
775,990209.8255194101
776,976925.0495040684
778,986190.4097517537
781,974742.3460446508
782,991863.4849011322
784,988586.6122631052
787,990850.3241901424
788,982448.6575612073
790,991067.8655842119
793,996025.5779502309
794,985463.6234895468
796,999260.4803500889
799,1011810.9959641073
800,1006361.4772619067
802,1009713.4393107749
805,1003523.9393427526
806,1014372.9257685668
808,1015602.0206467486
811,1010404.2186130006
812,1010405.3354338115
814,1009702.6588633488
817,1013316.378955408
818,1001885.8184837807
820,1006745.8481446663
823,1009184.9036705609
824,1008736.6134010683
826,998341.5956851874
829,1020681.5328495087
830,1139550.4455463537
832,1162212.7911026357
835,1136624.1419622668
836,1141729.3744660746
838,1133341.2055464052
841,1134837.2358651892
842,1142501.9434292961
844,1132306.6717661335
847,1134753.6369152733
848,1106413.3270252214
850,1118747.039859157
853,1120428.6976473613
854,1121660.9835696374
856,1145652.5198018828
859,1129390.2591493118
860,1140017.4576987943
862,1018505.5853247757
865,1018972.8196638204
866,1020720.2061068697
868,1019290.8970312088
871,1016265.1582521162
872,1016416.4298313449
874,1022175.6760867457
877,1019660.6020274746
878,1020879.5683211563
880,1016726.4395727421
883,1017439.553361447
884,1016280.884245495
886,1020303.3072924393
889,1016990.091535606
890,1018951.3000403212
892,1019508.6545701737
895,1102100.3246437658
896,1089678.7744247594
898,1102255.8852045608
901,1095174.5368607356
902,1115247.8818864918
904,1118256.2798326837
907,1116767.5095693383
908,1084968.818883932
910,1115801.0112464738
913,1100420.872251557
914,1099382.0592368445
916,1114802.9788418394
919,1097466.7846983145
920,1107355.2120141922
922,1110730.0446117986
925,1102979.4822834656
926,1120960.183820087
928,1121790.5726146735
931,1117981.7422891334
932,1111634.6307052334
934,1110861.5333659397
937,1124772.0364725138
938,1104704.929995094
940,1091942.5480160315
943,1105143.2348473733
944,1122370.8306673577
946,1115001.436202929
949,1117632.074489141
950,1123534.3652084647
952,1097959.6735377891
955,1103626.4349848647
956,1108850.9370061238
958,1184495.825010493
961,1181819.6073690925
962,1184919.641459145
964,1180563.2464457264
967,1178725.0969827268
968,1176796.6030484925
970,1181623.2857791863
973,1174976.937797802
974,1178071.3021862756
976,1179788.4199670264
979,1191124.452820099
980,1178203.6542242558
982,1174294.838850817
985,1182433.5982635142
986,1173816.3562826396
988,1184675.7247674759
991,1132286.9787769376
992,1128187.0355009006
994,1127189.1007520114
997,1122686.199115081
998,1118696.8314606983
1000,1118623.760657924
