1,1095472.953708796
2,1114363.5457339222
4,1096552.469999933
7,1104074.4603247358
8,1099945.714157739
10,1100029.8968604084
13,1103772.6786369258
14,1109890.5723189935
16,1104597.0792139263
19,1106743.5156577257
20,1103679.2510108547
22,1111813.7464684523
25,1117515.091527603
26,1103345.3775013457
28,1091054.239351451
31,1102680.9443704847
32,1099196.9324972178
34,1106750.5686109455
37,1104925.9871134604
38,1108712.5083024814
40,1101129.5374559471
43,1097349.528480237
44,1108593.6266967996
46,1106169.2382915749
49,1106090.708756063
50,1105826.4173282527
52,1108986.259129812
55,1108685.194986436
56,1108883.9727532805
58,1114065.6039634303
61,1108350.3971816832
62,1107616.7557016285
64,1106693.7564151764
67,1109822.752569354
68,1103916.9674420292
70,1110164.771507194
73,1101980.4730601544
74,1103753.6182933315
76,1109168.7496039623
79,1108757.7087610625
80,1097031.535084737
82,1112159.4452645574
85,1114285.951650978
86,1100705.7940662622
88,1113251.6446826044
91,1104259.5951759191
92,1104428.0444939681
94,1104071.6950646525
97,1101676.5209721383
98,1113260.9244447777
100,1093346.7378463803
103,1106439.9580126007
104,1106235.6508168317
106,1105285.90175504
109,1113240.7188767327
110,1109676.2084662975
112,1108497.8022808176
115,1105579.7239629603
116,1112516.7438436458
118,1107357.4878609816
121,1109853.2660465383
122,1100899.3820115621
124,1109514.1340683952
127,1072751.4745521545
128,1071224.3430582029
130,1069647.960574898
133,1076162.9666227538
134,1070344.6442207675
136,1074331.8218665863
139,1070263.3839707638
140,1070915.8676899546
142,1074091.4852503585
145,1074205.3893324458
146,1074565.688241777
148,1075569.2391715816
151,1071255.4920716733
152,1074686.5210435046
154,1075045.1355988237
157,1078234.173038243
158,1070592.5574859749
160,1071437.4736449956
163,1069652.6999712836
164,1072530.1438835664
166,1081083.6344854522
169,1069406.7514455684
170,1072895.8609640908
172,1073186.495872428
175,1073629.9127834023
176,1070817.5137569222
178,1082367.7986935324
181,1075707.48905104
182,1071748.5322246558
184,1071722.537599206
187,1070522.4345239378
188,1073646.3160781264
190,1074594.897962269
193,1076291.3968213147
194,1072887.4705054213
196,1070902.354109093
199,1070577.860916061
200,1074051.3300512857
202,1075058.3911723723
205,1074520.1883375323
206,1078419.206090145
208,1076918.191209466
211,1070710.3286599074
212,1072789.917009663
214,1069842.1748174576
217,1070657.3477353116
218,1070718.0641550731
220,1073380.9218306856
223,1071628.9349483051
224,1080853.097345566
226,1073002.2891331748
229,1075361.264185213
230,1073443.7320271356
232,1076843.1478501793
235,1077457.8486965066
236,1072923.5859554873
238,1073960.0453003447
241,1071655.946083334
242,1075737.3518580482
244,1072822.9130852881
247,1077151.0728092422
248,1071843.867677618
250,1074308.053209668
253,1070628.6692602278
254,1020176.7124641674
256,1048384.8453316167
259,1043276.2249337785
260,1040329.6211827168
262,1035396.69178875
265,1042171.5733846809
266,1058768.3578302858
268,1056781.5454671972
271,1038698.6576621573
272,1041481.6385359089
274,1048567.745845472
277,1048706.63250798
278,1046962.4029406655
280,1052271.5702438864
283,1044116.7665559854
284,1056753.4969512064
286,1059153.911218335
289,1046199.4093075707
290,1042464.2571430372
292,1046582.6308970235
295,1042572.1042929634
296,1056569.723840344
298,1051472.1013664594
301,1051116.5674245744
302,1047901.9177057673
304,1050828.5193807778
307,1046011.4400190396
308,1059413.0765052612
310,1052065.3654016221
313,1042250.3664883802
314,1056065.963496354
316,1044145.0906894697
319,1050096.621210999
320,1041052.3021364721
322,1047925.5662606442
325,1045645.269090842
326,1045059.0204304805
328,1044067.0961274317
331,1044006.5818836676
332,1048135.7710220749
334,1047053.6240529026
337,1051794.1673640432
338,1046299.3295493447
340,1053520.6648360982
343,1048952.6064947322
344,1049694.8070404069
346,1039492.1596395099
349,1048700.9185853852
350,1039485.1114669263
352,1051884.4062398642
355,1064332.1597260772
356,1052079.6467398475
358,1047114.5753624715
361,1047074.7757300744
362,1049854.643740474
364,1052145.5647157328
367,1040727.8636234485
368,1053679.7064175212
370,1047311.9778502138
373,1052026.596223949
374,1044237.8666210277
376,1041751.1430424773
379,1038493.7562061985
380,1034218.5940423642
382,1099159.314374562
385,1106970.9105949649
386,1108811.568270134
388,1105767.2674952548
391,1099471.0764864364
392,1105638.4665513055
394,1102154.883206014
397,1105962.5519603177
398,1119501.1865206119
400,1112885.7439835842
403,1105438.3965732995
404,1101063.6452071173
406,1104591.443346484
409,1107693.5314312298
410,1109369.9437585392
412,1116236.4210129802
415,1110201.960728727
416,1110629.3916155216
418,1106060.303001795
421,1111700.9645143035
422,1114448.7858841927
424,1105917.5119825217
427,1101914.884961751
428,1100689.529053234
430,1112129.6464412617
433,1095420.4740576232
434,1105315.0797939263
436,1104518.5147380016
439,1108744.8280389053
440,1103795.6203491564
442,1097620.2363578486
445,1106129.5080535691
446,1106107.836827448
448,1096971.3336382518
451,1109429.307150781
452,1103658.540783581
454,1117049.7455052424
457,1118324.9321307421
458,1107714.1177422064
460,1107719.01983271
463,1108807.3759958865
464,1111049.54771234
466,1110973.4271110555
469,1107754.6142233016
470,1107722.5825502968
472,1110032.4476329635
475,1095635.711153396
476,1111965.5876051772
478,1100298.9807336358
481,1112715.7100951395
482,1104513.030611685
484,1107089.5041848838
487,1102458.0601817465
488,1110459.3294002088
490,1108709.9459815857
493,1115693.1393739288
494,1100555.740350935
496,1088089.1287039916
499,1104540.2377569159
500,1113492.9435770973
502,1106131.597893456
505,1099106.7690744726
506,1105895.0009202196
508,1093200.3281867802
511,1059141.710222608
512,1068249.6334423278
514,1074999.8084543375
517,1057794.181601356
518,1069600.2446018893
520,1059122.1676038941
523,1075525.4262533102
524,1051785.9474591417
526,1065309.215487607
529,1062142.4127904517
530,1063219.242810218
532,1061245.9396044123
535,1056209.4307060244
536,1055740.2958907513
538,1066015.5042479893
541,1066723.0239428796
542,1061611.627940458
544,1055074.5359172025
547,1059623.1344110176
548,1067865.1217904186
550,1056637.3377456695
553,1055182.2707868277
554,1068205.9875984068
556,1072666.5032827733
559,1036585.6489267198
560,1053086.993690174
562,1074162.9590223387
565,1063827.4639073075
566,1065417.7707267778
568,1063676.6632726244
571,1060258.767099369
572,1077862.801793527
574,1064371.462699708
577,1074601.3945031015
578,1063955.7340281683
580,1070583.4198001924
583,1062804.788054442
584,1063759.3942556747
586,1066780.9455690077
589,1068873.4858311552
590,1063800.6146682317
592,1048469.1806322433
595,1066778.4782134157
596,1067023.530699486
598,1061089.6341621832
601,1063916.0497038276
602,1080808.9476517562
604,1062314.598905287
607,1067014.753964043
608,1076031.2863401023
610,1065553.559834719
613,1055776.8860206404
614,1062626.9127706317
616,1055188.3426677436
619,1060805.3161289855
620,1063001.7029301757
622,1067842.0110457877
625,1070919.1656812956
626,1063468.6380287877
628,1075963.6372072857
631,1050870.2975531516
632,1067300.2273456468
634,1055914.165434037
637,1053460.0165549116
638,1097895.695154694
640,1094982.9822617553
643,1074758.814690383
644,1099563.4993362918
646,1092269.0289177273
649,1067872.041098328
650,1108644.4828416435
652,1109429.7196885264
655,1110986.4009833236
656,1080456.943361349
658,1084312.3779162145
661,1084568.958996159
662,1083447.023940409
664,1088656.7495606395
667,1103850.6960010785
668,1110441.7062748133
670,1098080.4908769033
673,1086722.4229067897
674,1081523.7829550162
676,1101587.507933819
679,1101387.8020316572
680,1092686.8659163965
682,1083923.0408090132
685,1094724.8105988947
686,1098407.696759064
688,1099593.517758197
691,1088940.0951523585
692,1109954.3224851105
694,1085162.4057586365
697,1101877.1847746796
698,1091586.88159065
700,1084603.5195847955
703,1090572.6694819059
704,1080504.8984579376
706,1097391.2829494684
709,1104833.0516256853
710,1082889.3841807793
712,1090010.7994010742
715,1099292.3171702179
716,1094805.6968936375
718,1110678.2971438621
721,1105513.648409682
722,1090890.5214010798
724,1070371.6669124046
727,1089984.6831028673
728,1089625.9660089843
730,1106343.2790830408
733,1091781.539188303
734,1066876.8454690203
736,1073415.5366686976
739,1087312.6550095761
740,1109960.0348215576
742,1087945.329881129
745,1100780.8103024564
746,1074364.8728650697
748,1105507.5058737267
751,1107379.8750159137
752,1092510.1178542709
754,1093687.8234112344
757,1099699.0187386477
758,1099249.145729269
760,1085670.6259171409
763,1103090.7113939861
764,1092267.0454109588
766,1173268.2002117073
769,1177772.999393525
770,1171336.3054159435
772,1180484.8357862951
775,1171040.498542914
776,1168700.998291446
778,1166071.558042089
781,1169882.7555246195
782,1169970.3600111404
784,1156555.5450688773
787,1172471.2128579817
788,1158214.7021480352
790,1167496.9904614263
793,1172638.9686569038
794,1167294.2113203227
796,1169780.9095578326
799,1177553.3161628048
800,1157483.865658021
802,1171348.1044910725
805,1173531.865172444
806,1173147.4718111006
808,1183062.4143316047
811,1170874.396843009
812,1172183.0315187348
814,1177889.903143219
817,1172524.0359779838
818,1168325.640831831
820,1177533.0013140356
823,1168180.5814684078
824,1176398.8593322511
826,1158136.238965952
829,1171800.800587925
830,1177013.072344087
832,1173669.355111247
835,1167520.5353242478
836,1171260.5004472341
838,1173082.3561788185
841,1171965.881586417
842,1162921.7599059471
844,1170587.930260678
847,1171912.4860721263
848,1165618.024062546
850,1163712.075936038
853,1170684.657593548
854,1173194.0656095326
856,1168288.8531000963
859,1162699.4288091883
860,1169697.0993059352
862,1169152.2288396468
865,1173692.2409161788
866,1173398.8260915023
868,1172650.3971622903
871,1177389.9218854387
872,1172552.9440843067
874,1167032.1712256514
877,1172605.5222780684
878,1159540.4366996055
880,1166340.2260454583
883,1164397.1978756564
884,1171509.6629188622
886,1172287.9516053183
889,1162105.748106339
890,1176286.4862181242
892,1170307.3614128418
895,1048471.1122617102
896,1044404.1154599485
898,1050401.8825065463
901,1050559.4023698065
902,1040217.0567726671
904,1038309.7642565896
907,1053360.7102754721
908,1042556.7462071906
910,1051741.5501201071
913,1052205.4008654675
914,1047396.2332375039
916,1050083.2703408306
919,1050655.7594706665
920,1050446.0361249475
922,1040980.7567536159
925,1045607.076492601
926,1044165.124234013
928,1037848.3656164748
931,1040954.6735269296
932,1044138.4077029062
934,1042377.4872229407
937,1040698.816418636
938,1047312.3943282265
940,1049249.3710780856
943,1045637.5309284581
944,1041749.8761661818
946,1048645.2490038686
949,1045126.2344981894
950,1043881.2244908572
952,1047397.6621868744
955,1050742.8251346697
956,1052024.2526861008
958,1053744.6663185924
961,1035211.3957394033
962,1048591.8508996565
964,1039536.7773259756
967,1046145.811491857
968,1050672.0373687544
970,1047610.7462547579
973,1050094.3600986688
974,1042996.1961310563
976,1051490.6617386404
979,1051693.0782975834
980,1041674.2013425991
982,1039518.3982180415
985,1051065.9377715501
986,1057902.0684838681
988,1051221.3014060468
991,1045468.2167200218
992,1048122.369945072
994,1046572.9958730437
997,1045758.5325044022
998,1041177.4609313405
1000,1051679.71418239
