1,1207387.1159956302
2,1237870.4703391157
4,1235627.9131420753
7,1180084.4329660784
8,1294446.1924795555
10,1187987.141977877
13,1180498.800280613
14,1114105.4569540303
16,1131321.605450359
19,1110592.6391856158
20,1109513.4409564778
22,1140766.4383296818
25,1170861.2309802189
26,1091125.363446503
28,1094978.276957675
31,1165080.5158856404
32,1215426.8536475503
34,1148499.0189027335
37,1192955.6398246717
38,1163666.3042929452
40,1296947.3219750046
43,1126137.4185806029
44,1132333.3382823209
46,1163119.6574933906
49,1190150.382693617
50,1154401.7018089923
52,1107211.6998470982
55,1184209.1392365443
56,1130595.7315333583
58,1151939.8762093913
61,1155262.3778759688
62,1213404.047264085
64,1224917.222063589
67,1206281.4215831417
68,1173621.3741479076
70,1193614.2291149471
73,1144664.6136681272
74,1208544.0074820218
76,1200615.4928518704
79,1170830.5455565157
80,1085725.9708637998
82,1061919.3054163037
85,1097126.020707797
86,1113320.605539972
88,1102108.2400950568
91,1047851.0769915546
92,1165519.283689335
94,1253559.7631077482
97,1219730.912708483
98,1247279.9810735078
100,1136844.2706042754
103,1227164.95915864
104,1182166.2236032467
106,1264597.6819270898
109,1148721.4974188576
110,1105869.9751543917
112,994911.424454408
115,1044236.2067944336
116,1023384.7138044682
118,1051466.1670191055
121,1121901.078473571
122,1017067.1000892173
124,1032677.384047318
127,1149678.6017856686
128,1155748.9149462131
130,1132964.2988411363
133,1160681.5288480693
134,1198469.200198954
136,1198162.689922392
139,1162422.5475082456
140,1193689.1530421902
142,1093619.4655095476
145,1171597.6975255006
146,1100274.0066634982
148,1255606.701413221
151,1103237.9722177002
152,1074707.8076265522
154,1158525.5772710657
157,1148080.6626692356
158,1200501.714380334
160,1172448.4366004777
163,1132504.061798914
164,1194702.6575495894
166,1214470.263782207
169,1140187.41823873
170,1178541.763546986
172,1203306.3599097743
175,1255837.8393017906
176,1222093.5958589842
178,1200321.2191739415
181,1217479.4232030504
182,1206131.6910469648
184,1232598.2227834875
187,1258756.6295846193
188,1190312.050868491
190,1133470.5018636528
193,1157853.6209750797
194,1145620.0128568218
196,1133330.0848562117
199,1130095.8746370282
200,1133808.9287571087
202,1104040.2522872956
205,1152708.3662608685
206,1150714.666585636
208,1206579.7176571295
211,1152334.6682944493
212,1213940.618908715
214,1178747.8106539275
217,1172534.8226115028
218,1133492.215759367
220,1202469.3475936116
223,1154683.9520779413
224,1137143.8173697721
226,1115236.8427315801
229,1123420.8181844675
230,1130672.7404832672
232,1155782.3688895977
235,1192567.3945426992
236,1134629.5487202017
238,1302782.315946596
241,1294552.3283813235
242,1234029.752909245
244,1286447.953922784
247,1214842.629364189
248,1284254.9926999572
250,1279578.705140862
253,1260669.6650623363
254,1135861.5870596867
256,1119841.5454116277
259,1159375.2894556844
260,1140589.8774856667
262,1111168.0974708425
265,1083034.4532950327
266,1153394.4747948248
268,1097098.314620035
271,1105472.5950695558
272,1144970.8726234622
274,1153618.4502110702
277,1155068.2286420364
278,1146545.2329655432
280,1190975.6634706163
283,1099965.8725762733
284,1141678.5491011925
286,1141289.7239352877
289,1057471.6916156742
290,1042931.3897185288
292,1066027.8325159226
295,1109576.9221889554
296,1123397.1549512167
298,1112626.9364593553
301,1099194.6155583705
302,1194917.4643148195
304,1251985.8239733211
307,1093650.3193183672
308,1122080.4999178404
310,1209971.5344800085
313,1110981.1801695123
314,1122816.3057481523
316,1133990.9996932242
319,1064855.5924311175
320,1162810.6305453652
322,1167604.4256421954
325,1124706.8838581187
326,1198179.318722329
328,1112896.0974880233
331,1185199.6848048805
332,1095635.5313694538
334,1151526.318590794
337,1134928.839922564
338,1129514.0992383477
340,1140186.5323480042
343,1229506.0533757966
344,1183801.2881406844
346,1251139.6384514768
349,1165439.938442648
350,1265407.7526475657
352,1262487.8025112336
355,1253960.3018895553
356,1287551.498202909
358,1272129.1269682597
361,1298440.2896634585
362,1296109.7381451672
364,1264325.4409020066
367,1140588.5151420382
368,1166692.1590832311
370,1133016.985620027
373,1105854.7050291407
374,1093697.94696898
376,1118576.9132742465
379,1093024.8246491265
380,1129676.9763234588
382,1207739.0646750212
385,1218407.7098035694
386,1182013.1730828136
388,1147678.4220418371
391,1219305.4612022878
392,1133373.8784258284
394,1161927.305121532
397,1192986.5039013827
398,1196425.8623922013
400,1180476.0192991663
403,1175386.2413089196
404,1198453.1295863164
406,1190728.5372941617
409,1196426.176267848
410,1194096.6565051114
412,1233493.507639394
415,1139809.8475293245
416,1074788.5174313209
418,1108788.7781430657
421,1079886.8533022322
422,1120369.218849528
424,1102735.5323363142
427,1198718.598019414
428,1138342.6254351258
430,1157102.584904509
433,1236354.4258938627
434,1144564.9722043513
436,1180244.73787399
439,1180303.699224114
440,1140499.1352509449
442,1224718.7635559756
445,1133883.8213697476
446,1184115.8255712574
448,1166780.654387502
451,1212593.456000159
452,1124113.0728587224
454,1192886.4636816643
457,1134437.9987157544
458,1152214.021651849
460,1194212.7405174316
463,1230139.2950560255
464,1178257.009733898
466,1215700.4674168958
469,1216064.3797266213
470,1236240.578162788
472,1169907.9492992677
475,1227314.378715872
476,1224417.553927375
478,1233492.2962427526
481,1179209.7509262944
482,1185077.6533530282
484,1187345.2299646211
487,1176404.725320703
488,1188781.939496059
490,1099286.2810132313
493,1261407.693389245
494,1335713.6609547208
496,1190811.399401984
499,1299038.6847097536
500,1300322.4883451303
502,1262636.699229265
505,1255791.907123946
506,1311115.6346731263
508,1231166.271205704
511,1209656.765400234
512,1175760.0109608485
514,1319243.7085607576
517,1353103.7823229441
518,1125432.3848832734
520,1236349.876722355
523,1164767.0384230304
524,1184653.943160624
526,1182754.2931803863
529,1191149.2326800427
530,1156451.745685165
532,1099477.8656006882
535,1099605.1608640766
536,1216558.1947935189
538,1202769.324126633
541,1135967.974893503
542,1069755.5883184078
544,1149250.337221626
547,1132928.1058523105
548,1051429.2454686174
550,1070031.665689035
553,1101428.2620454752
554,1126262.2266227354
556,1035272.8348981616
559,1159031.4359651874
560,1164254.9831660173
562,1138940.1662825684
565,1216921.9904259075
566,1207612.061811263
568,1225475.6564938393
571,1222316.7451350223
572,1147089.562190873
574,1175614.488088556
577,1135798.2052374599
578,1064027.202520889
580,1270152.4620336767
583,1178823.4790183536
584,1127129.9916592096
586,1260281.2622811482
589,1122108.1709895718
590,1204427.6331615483
592,1203124.8327879834
595,1195901.8177913732
596,1318731.7579282694
598,1209591.0617514334
601,1210433.0617847769
602,1188926.9826091398
604,1222561.8815798603
607,1165945.7314992566
608,1240054.4646703147
610,1211633.0494298546
613,1203877.5034630809
614,1202530.0083193881
616,1226577.480610355
619,1221035.5668190224
620,1188770.8023287628
622,1199451.9529075339
625,1172055.469235513
626,1207025.0571480908
628,1224873.8826258464
631,1196676.134507019
632,1197179.9973801316
634,1214476.5406436503
637,1217742.5701216187
638,1161443.9643347317
640,1077948.8885905412
643,1186627.7332193311
644,1190348.7104468306
646,1141465.3316609266
649,1156676.3583932845
650,1153240.28962441
652,1148844.8441478265
655,1197172.5507181536
656,1234701.037833403
658,1274473.4909628783
661,1158126.1442783517
662,1173762.1597292959
664,1178310.1931442749
667,1186159.1347876678
668,1219579.4145155784
670,1122277.6134811258
673,1165115.9963236253
674,1106487.7741436213
676,1116087.5238075452
679,1138441.775899455
680,1140232.5375012564
682,1155249.030843632
685,1103405.8291868889
686,1166740.3380566628
688,1150890.9906725078
691,1211944.9338106553
692,1152569.6007180572
694,1150469.650785765
697,1195337.8613237545
698,1210770.5470739023
700,1177016.9601072748
703,1186721.663609272
704,1117963.8808382645
706,1147972.4101078433
709,1199699.4356798877
710,1156734.1501069106
712,1105708.1958436095
715,1122842.6705252351
716,1132960.2983467071
718,1193417.23490562
721,1235899.6124049802
722,1223828.2922535522
724,1197064.2165100358
727,1203371.3367277563
728,1201569.027321165
730,1243426.915158322
733,1228537.6157708035
734,1255842.5133766227
736,1102855.0651768348
739,1223229.0982484315
740,1288020.4856695936
742,1216100.8206478865
745,1147256.9148682049
746,1151405.499359542
748,1268422.9066609072
751,970730.1028238675
752,1009514.561215965
754,961519.9851484165
757,1002886.3772074452
758,994835.6283136568
760,1000084.4359911782
763,983187.1205085403
764,1021136.9403889192
766,1186636.0045021784
769,1136096.1129247223
770,1168105.0369307445
772,1171384.573240019
775,1159341.728155471
776,1146114.7709281547
778,1267221.966519542
781,1046654.9569966812
782,1120298.1426655266
784,1103545.1935392676
787,1105838.4880688405
788,1067888.9148101693
790,1151263.3208723792
793,1188050.0473574894
794,1147905.0896638117
796,1143401.2280958341
799,1114114.7454053578
800,1174462.8322750262
802,1131963.0744903593
805,1190515.86149431
806,1150098.9083218186
808,1272163.661527039
811,1187177.0075473895
812,1099214.508240021
814,1256976.9295328245
817,1257708.0301106453
818,1188673.4267079667
820,1321357.279709298
823,1184631.238179135
824,1236827.4737452208
826,1279093.3294602882
829,1206793.3136511517
830,1225294.9355970484
832,1151117.9131872065
835,1166716.5449576564
836,1163604.7422020764
838,1180509.2805471076
841,1171875.24822029
842,1183126.4689595506
844,1121883.9158406174
847,1101779.567696593
848,1159999.9708650124
850,1207914.7759733817
853,1181741.357047859
854,1164645.3842448147
856,1126009.9466021827
859,1131101.1401516965
860,1220778.4871343717
862,1124413.8983268728
865,1064575.979969876
866,1057333.087757717
868,1105900.9451564283
871,1103972.1248840233
872,1134558.052232212
874,1044401.6882800632
877,1175824.7834529027
878,1259418.5105732377
880,1211884.65472457
883,1146052.1959679083
884,1258469.4369557684
886,1170142.1788749746
889,1180170.6002920293
890,1221740.8838613562
892,1180025.8874703052
895,1233484.0614155782
896,1236003.5996688625
898,1232402.342141177
901,1210337.672287597
902,1218509.4752852314
904,1252837.0888675747
907,1201342.710127569
908,1229815.7738792256
910,1236872.4506896976
913,1190613.5940870107
914,1194871.7356644683
916,1181515.5775450629
919,1165240.3431708177
920,1238799.8900094484
922,1162375.4183540286
925,1166575.3716451118
926,1134623.8788366907
928,1137020.7245798248
931,1147646.4494944331
932,1172248.264788823
934,1144466.498667547
937,1110885.6579816525
938,1168719.2457682958
940,1114438.5125039297
943,1203999.4078788287
944,1178852.6211299282
946,1188468.1366989051
949,1159127.1996663036
950,1196652.9658824136
952,1176971.4436847116
955,1214723.5718699703
956,1230600.3877322946
958,1202242.4478027944
961,1194844.6466493846
962,1213722.0918270012
964,1226254.5088302654
967,1213971.2990214431
968,1202699.3223499893
970,1223602.6856064685
973,1216399.0526662995
974,1148346.1945773712
976,1204550.6386239599
979,1180604.290793958
980,1188959.8744867465
982,1117611.5989808238
985,1136533.2623352706
986,1145010.3721447825
988,1175288.7293116904
991,1249808.127220343
992,1266345.2134084255
994,1205575.9788551999
997,1162734.5297092258
998,1221496.6180080015
1000,1226636.3816100713
