1,1237689.891231739
2,1239338.622246621
4,1208063.2793251725
7,1207546.7387728964
8,1228588.3793212646
10,1239685.8943518982
13,1236388.5828797605
14,1177446.1115486468
16,1205005.2243435767
19,1175745.579679442
20,1195818.059084013
22,1209007.0509988093
25,1195947.6399642744
26,1189233.8267685298
28,1190501.202684133
31,1093956.0246413574
32,1136568.9853039188
34,1093631.9862736324
37,1079082.8322204521
38,1080145.084019804
40,1104232.4784141113
43,1104357.6551587663
44,1078143.9131767577
46,1192212.110574598
49,1200539.6953975111
50,1178673.817150018
52,1183649.7368829732
55,1188739.8178280673
56,1187206.697114028
58,1178459.5766298235
61,1175205.7286447978
62,1137225.12796312
64,1165234.3609656
67,1176226.1369729459
68,1181924.9174480734
70,1158090.7945815313
73,1165502.4104003697
74,1173055.0890746627
76,1186687.0181575078
79,1146120.6577502291
80,1126371.334697
82,1089717.8456223125
85,1115468.7091515288
86,1100767.1776885164
88,1094140.5847167212
91,1136949.3905920319
92,1099116.448143815
94,1172811.4556473836
97,1196824.2350188142
98,1200780.0094606227
100,1159633.792424652
103,1163096.8389274802
104,1162543.3079166918
106,1193577.6795245633
109,1161042.9571024817
110,1172559.0583588702
112,1175523.8700244592
115,1155251.9822615827
116,1187636.8306236363
118,1184473.6636574315
121,1170384.1057994943
122,1188138.6675214279
124,1173333.4477243957
127,1153980.5421625082
128,1156372.0856657254
130,1172735.06492531
133,1197299.214389373
134,1162440.303585172
136,1115688.6950934334
139,1151967.4408511654
140,1109620.6375901073
142,1131853.2782054676
145,1129926.1279402054
146,1131418.7000465773
148,1173111.1807813814
151,1135438.9553816125
152,1143642.2580828974
154,1117244.8094369017
157,1115127.2402630888
158,1126455.5783361243
160,1169504.4391001372
163,1201864.8259463576
164,1149159.7557262909
166,1144007.4920856305
169,1134763.8069327273
170,1126089.3833814315
172,1144223.3141284657
175,1169193.1899896315
176,1225236.9443586697
178,1166475.7654840809
181,1170449.862698504
182,1214452.0817745065
184,1184021.4152105278
187,1147939.3133813504
188,1166983.9028199099
190,1141312.3370460917
193,1173992.97110274
194,1168992.9407119446
196,1167029.0295046824
199,1139532.8044187222
200,1166343.8772222076
202,1165867.9720061726
205,1152090.4325637338
206,1113906.44755379
208,1059673.5569370668
211,1087024.4084436959
212,1105774.7771537479
214,1089340.02930098
217,1085182.3007757596
218,1068192.5443741693
220,1108143.2456368355
223,1114397.9756461515
224,1123802.4345288137
226,1097316.6043635414
229,1118813.2601494412
230,1085556.8351815126
232,1097366.3459741517
235,1104419.7800324508
236,1129564.8291532788
238,1215321.8392514365
241,1222045.9518279147
242,1212647.2220768621
244,1236988.341532931
247,1214261.6927516614
248,1214599.5466671637
250,1233688.2003356705
253,1207972.2878774386
254,1183932.1976598518
256,1175938.9057847958
259,1169430.6791857628
260,1180846.2814700655
262,1178395.447880955
265,1178058.550252741
266,1190301.9772000154
268,1174547.7448102522
271,1171508.6485668165
272,1122510.8287225594
274,1175953.5861882188
277,1177609.552910502
278,1172536.0439351324
280,1188579.748998677
283,1181341.3627601552
284,1148504.4404901143
286,1088471.6243568745
289,1066819.6857350264
290,1037067.9951968943
292,1040300.5730078267
295,1053080.1420007248
296,1058342.323174279
298,1087608.8020859016
301,1088363.8521491077
302,1146572.6602998388
304,1161644.9612701961
307,1137709.9294311767
308,1123968.9817085837
310,1150629.2020537183
313,1133624.653195347
314,1177584.7691338446
316,1116506.9018715948
319,1100228.30636045
320,1115848.3986529317
322,1106188.5486633843
325,1141421.5655930743
326,1108781.309426943
328,1107623.2924798708
331,1098357.0248784139
332,1094890.4087997244
334,1144756.7953557412
337,1151897.166439068
338,1092081.892907909
340,1114371.1108090223
343,1136228.99037423
344,1112261.5238636546
346,1135983.7890599703
349,1086629.3874903966
350,1197984.4798564848
352,1190910.9065135818
355,1218402.4246110155
356,1192091.9680159106
358,1190517.2333611124
361,1166465.636368326
362,1211829.063696808
364,1218139.2806768133
367,1110830.079485782
368,1173710.2980218465
370,1125174.6525745026
373,1093352.7210571358
374,1110405.8288480039
376,1125964.4132196107
379,1070526.2231239819
380,1114652.5048028172
382,1228418.8003589262
385,1251460.6435248922
386,1248449.221045013
388,1252766.4461357668
391,1226954.7596005069
392,1226961.2787307145
394,1244786.651198539
397,1245514.2071056007
398,1123580.5261882124
400,1107478.94051541
403,1117808.3457942798
404,1109148.7720404293
406,1151339.934680858
409,1130203.5533376276
410,1101489.3789402302
412,1091659.7580299312
415,1159780.0828627956
416,1134375.9303695844
418,1143429.8796408419
421,1139574.5847517329
422,1144658.8976480314
424,1138800.546380661
427,1152846.7588990177
428,1099401.6280031241
430,1135495.1250309113
433,1168126.6073785438
434,1157954.1300318148
436,1137628.556553062
439,1160061.8460299016
440,1173374.6373122523
442,1161413.199892258
445,1154842.1987075976
446,1121454.1902629128
448,1156053.2415230242
451,1113543.6060122165
452,1122089.5972835512
454,1120656.6769549933
457,1134766.0843924321
458,1135119.6976462523
460,1168209.0830012655
463,1153868.5680124431
464,1152663.1675289043
466,1148120.6342434995
469,1163950.78609942
470,1166526.8752383625
472,1172932.8247006924
475,1146527.5434909868
476,1158646.3567537165
478,1105801.803550673
481,1089507.9060486453
482,1098401.4858419157
484,1099174.0205112312
487,1088807.917781315
488,1109782.2094202768
490,1108981.0437046008
493,1130548.1949696438
494,1095031.3422047447
496,1193312.3682035585
499,1063299.3734323315
500,1116717.4220761508
502,1167348.653590263
505,1151368.6725447392
506,1128742.5939213173
508,1106362.4890747564
511,1183491.0012291218
512,1169003.5914678357
514,1176149.2591115716
517,1211862.3425390315
518,1205338.8292332732
520,1169817.63084638
523,1189731.2887281114
524,1213335.5445957067
526,1133590.247178415
529,1122670.3929394768
530,1066380.1610134542
532,1169288.4954071762
535,1126293.8160983853
536,1150390.3336498695
538,1156396.7552596668
541,1117695.6200137744
542,1192894.2318002025
544,1209931.4415000062
547,1238780.8190693392
548,1224703.7403061062
550,1204664.5969372422
553,1225716.5283661752
554,1205274.9217944108
556,1216269.0612590658
559,1207036.9124993137
560,1200129.9698295167
562,1220839.7064999093
565,1201468.7330971363
566,1221860.9893363016
568,1195287.3092920086
571,1224494.02454745
572,1178521.5334945335
574,1114858.604681282
577,1117176.7026455603
578,1118813.1615903466
580,1122580.8247448974
583,1100495.3752604364
584,1134566.1213885902
586,1114303.0775524087
589,1136201.819197019
590,1124515.8272974545
592,1159931.1911502897
595,1134639.5106311606
596,1145894.9828896734
598,1123843.5370282398
601,1120720.1894463021
602,1134710.0827010747
604,1151551.1389868248
607,1140693.1093598246
608,1146484.088776968
610,1128072.142469664
613,1143122.597557236
614,1113697.3465028962
616,1157968.3560653208
619,1123920.7615093596
620,1115412.4961931359
622,1127605.5190639002
625,1158468.9080461536
626,1106162.587452938
628,1167656.9477848494
631,1126645.3261012395
632,1181330.5412345591
634,1122473.1535267718
637,1185948.9209646748
638,1110652.877800288
640,1144719.9219051602
643,1110573.7205912778
644,1177040.6811040703
646,1170733.2672313438
649,1133670.4122014702
650,1178483.669946623
652,1164695.206633973
655,1114347.682826245
656,1114708.4518893242
658,1121628.8031744368
661,1117588.4685708305
662,1107118.3190633866
664,1113181.2331103513
667,1130321.405544101
668,1130251.9832682624
670,1177513.7352775193
673,1202159.2751582663
674,1171951.5326838987
676,1205515.216038357
679,1160838.3538607166
680,1175351.1080384194
682,1196117.4641238863
685,1196526.6996258788
686,1094963.6967964622
688,1113645.4234804248
691,1126605.0268277337
692,1126937.1739717983
694,1100751.0403959018
697,1104608.4224573823
698,1112705.3836848913
700,1117668.0065501342
703,1263815.8074273719
704,1250432.9775974276
706,1253431.59338724
709,1300856.0400148665
710,1234740.290503903
712,1272772.4846693885
715,1226240.4099075987
716,1251339.2066458885
718,1149980.86939811
721,1143461.1959956181
722,1158957.7090070494
724,1159687.9925369308
727,1129329.0213653678
728,1113960.4852479664
730,1127437.4265712935
733,1155277.6587223816
734,1206447.889681785
736,1164856.155988643
739,1223175.6760510358
740,1166591.437087213
742,1190379.717877004
745,1200083.1453235485
746,1167764.922828824
748,1216278.6094165589
751,1158037.0549559137
752,1156277.323561821
754,1149375.7937207054
757,1133475.6405087893
758,1140327.487711543
760,1120554.5611799327
763,1111644.5986677108
764,1154393.129460949
766,1193062.99340629
769,1169376.400082263
770,1119516.8331794525
772,1163484.6127747237
775,1139602.416007665
776,1168609.8274605237
778,1148542.8370231863
781,1134178.2455133256
782,1169434.5668121912
784,1157815.7026120569
787,1176346.2005388706
788,1144333.12058751
790,1142741.3077467668
793,1184220.921901042
794,1166141.7140552714
796,1157122.026699077
799,1146500.5896456712
800,1195685.6867355807
802,1144049.383858818
805,1166149.0519245306
806,1157069.594359489
808,1162646.600037556
811,1172450.1814270718
812,1153376.0824617723
814,1095065.5971791171
817,1075221.2605080036
818,1127250.4144815116
820,1100709.3523293203
823,1119745.220617107
824,1110102.5602622046
826,1109856.4671252833
829,1082801.1506643672
830,1144486.4325980972
832,1175900.1567885906
835,1102094.0400939214
836,1118410.7933267076
838,1150303.1929266665
841,1146887.0725959842
842,1116879.5974091184
844,1109239.2692280589
847,1195024.239825041
848,1162047.4060057546
850,1166791.1536006131
853,1158254.5905952628
854,1181844.0458433728
856,1182197.5540900184
859,1154809.4208247801
860,1148499.0733129987
862,1238946.2557277165
865,1231966.3997994044
866,1227811.489868938
868,1225520.6897343232
871,1208061.109042833
872,1219760.9342429258
874,1201614.1401834106
877,1255752.6014292329
878,1154672.5885305426
880,1164212.2595682177
883,1174174.1242147079
884,1158866.073696848
886,1150879.1371959401
889,1150892.4347483274
890,1142672.3565896288
892,1152250.885687668
895,1180340.6254725172
896,1165692.4950359627
898,1181542.7854391166
901,1137936.3381807294
902,1166292.9681925795
904,1152803.4493245515
907,1130604.5988961323
908,1151345.6342983998
910,1123274.0749162806
913,1139543.5439074803
914,1082234.4342208267
916,1095150.580481185
919,1120874.134545139
920,1135345.1404659962
922,1115314.1271815812
925,1146893.0462515112
926,1163414.2658466664
928,1160613.3660534555
931,1162080.0152006082
932,1144894.1446522386
934,1199873.1526894888
937,1166772.1130580206
938,1175477.09535249
940,1160037.463237393
943,1163093.1447144146
944,1176500.8413645166
946,1161833.8062471391
949,1154915.727173569
950,1192558.2556997999
952,1182389.1306284158
955,1131599.3391381018
956,1153849.3433359778
958,1153274.1338516783
961,1193370.189467001
962,1195103.1309799054
964,1178561.4018936064
967,1224545.984087169
968,1195760.5211080073
970,1206671.5030142197
973,1196750.5032617692
974,1199089.157099578
976,1187096.0584608442
979,1184642.6485479262
980,1173906.7538341307
982,1183983.5974285533
985,1154750.7568406246
986,1139168.0857058465
988,1177595.463203161
991,1140891.5706691043
992,1178551.3515959638
994,1151083.1468730618
997,1092887.696486606
998,1178537.6739018257
1000,1152026.0792736583
