1,1248394.3756297028
2,1243777.6452473393
4,1287650.921760625
7,1275035.799378723
8,1292979.0085064494
10,1285069.289482832
13,1275843.0308291896
14,1100076.4581159
16,1127060.2941616105
19,1118828.6792682544
20,1092192.070984937
22,1140427.0631659033
25,1093537.7817124133
26,1094161.5538093592
28,1146479.873414743
31,1111367.3474606394
32,1112807.9984854225
34,1102923.585381662
37,1107930.1033775175
38,1134290.1569534356
40,1109299.3498320333
43,1128492.9562718538
44,1118795.098208314
46,1122670.0893703047
49,1114077.2609204005
50,1147211.3508017058
52,1137039.7323472006
55,1142072.6126030993
56,1147213.5394392074
58,1138897.021248306
61,1131349.2195616516
62,1197627.9915978496
64,1197582.9097700038
67,1176503.0423304888
68,1217317.0517088175
70,1227439.350279428
73,1213130.277833493
74,1192267.391008616
76,1194602.3476176779
79,1185960.1556073637
80,1219446.6169848978
82,1196274.4157224568
85,1199649.0593564385
86,1188131.6680571272
88,1195615.5891128678
91,1208266.276801444
92,1205230.343164797
94,1284031.0698529377
97,1306499.9021608857
98,1256670.8206447193
100,1293646.1547669098
103,1263213.1974634319
104,1268806.0403266167
106,1274219.522941021
109,1267970.2189554642
110,1138952.670189169
112,1161494.3131330279
115,1128163.4980140582
116,1151614.1903974148
118,1149513.376776272
121,1165561.6022412225
122,1170666.8481121457
124,1135896.4915638855
127,1212572.810088604
128,1256896.1782744438
130,1226576.118551561
133,1214908.7900242554
134,1259750.480179104
136,1237353.052415987
139,1232627.9366017594
140,1233997.0214145533
142,1187688.8285988122
145,1160645.8516328451
146,1185683.205001847
148,1155556.161717158
151,1190299.5554737658
152,1206703.5381269527
154,1159977.0964703686
157,1201406.5949973227
158,1101849.634798419
160,1153338.4344402843
163,1148522.5811675875
164,1136697.296684332
166,1143632.475477543
169,1116618.423794425
170,1136248.7284367708
172,1153656.0164398807
175,1167575.2548535755
176,1202835.6226389504
178,1185980.1658157355
181,1178894.489442828
182,1185575.8719258208
184,1156391.2984806376
187,1210200.1910957473
188,1202502.8035715355
190,1106624.97144528
193,1113452.153050462
194,1115247.5783553026
196,1087970.4571393388
199,1099700.4463367907
200,1124243.4060083625
202,1151081.6858086062
205,1107784.9186708254
206,1229041.1934987423
208,1212485.9776305405
211,1193671.5646439078
212,1218088.0855821592
214,1226663.3370108025
217,1190346.995561286
218,1207625.6513786048
220,1191865.502407925
223,1145535.5035389028
224,1127466.1121253355
226,1158185.7651378035
229,1146144.8758672453
230,1127490.7759688094
232,1130129.6120059895
235,1116295.4645597832
236,1111613.6025984762
238,1188037.60264894
241,1188613.1454349558
242,1202918.8862714902
244,1154717.433789264
247,1191824.3721155927
248,1158524.610114977
250,1175026.5594561368
253,1159628.7997725306
254,1171502.7389625385
256,1173796.1672039584
259,1164092.225153994
260,1164001.2716382819
262,1197942.213220629
265,1173020.2599169514
266,1148431.8826423634
268,1180951.5770658632
271,1209837.5408867658
272,1205263.581340733
274,1204621.9229792382
277,1219202.7292599084
278,1191718.2293142045
280,1210885.187655567
283,1226099.336805318
284,1205472.8561440818
286,1125708.2174512688
289,1130754.7548497426
290,1094382.7749217602
292,1134894.1335655341
295,1094947.0195790115
296,1117386.2648095912
298,1076298.920728848
301,1097038.6317925819
302,1222678.4739200296
304,1222779.2621789277
307,1199499.363833712
308,1180591.0885021416
310,1271597.1732560052
313,1189343.8712947825
314,1188576.590993269
316,1228534.043622822
319,1152086.061615975
320,1153872.3043951828
322,1145958.4653536568
325,1141368.1734751621
326,1152307.9011410635
328,1161989.6007827213
331,1144248.7149203026
332,1150111.3200689584
334,1136901.0531401895
337,1164476.728330237
338,1140785.9418155598
340,1147836.414870244
343,1174853.9524976383
344,1135061.5207865082
346,1186606.8323696428
349,1116256.634833342
350,1164110.673242387
352,1200664.0104115536
355,1165006.2751301914
356,1162367.5126151012
358,1180995.9438024147
361,1183458.238835939
362,1154330.0530197162
364,1179699.8576382254
367,1062102.2460028266
368,1110574.699534091
370,1132728.0760968819
373,1073340.1802469178
374,1103354.8253493875
376,1092639.7734708036
379,1143853.37658211
380,1065469.6110775378
382,1220802.4210409308
385,1198427.5186872135
386,1205525.6326496233
388,1200763.648173749
391,1179239.615001376
392,1235304.3822407515
394,1174760.1178029247
397,1227509.6884234347
398,1153846.6185520664
400,1158828.9968343237
403,1155526.8742577687
404,1147564.0076467101
406,1168601.9131062739
409,1158088.9048435315
410,1133336.9722654917
412,1135755.7543866606
415,1250807.245448491
416,1266518.7389189734
418,1156962.6039324163
421,1261654.3268762226
422,1155401.319705779
424,1243532.116682409
427,1162391.1382746946
428,1168903.9662164126
430,1097210.2750551216
433,1095568.4886528475
434,1117384.919794749
436,1130159.7195829372
439,1151140.3336872717
440,1116965.9332070444
442,1121019.0459826288
445,1113709.4731205378
446,1192110.1245617329
448,1199032.0388986086
451,1194704.5927042668
452,1167974.407609489
454,1211085.2943175551
457,1159486.337580834
458,1186887.372381617
460,1222413.3209797263
463,1265026.4205395665
464,1264047.3114378084
466,1275021.9924960623
469,1231801.8025634452
470,1280329.7309034753
472,1235897.0831835193
475,1243023.932007808
476,1287111.1655830427
478,1198727.098874699
481,1177712.7749645568
482,1143983.9623393517
484,1142698.1470034753
487,1261280.2404757906
488,1208366.975466203
490,1163995.1223459463
493,1219231.9334476853
494,1143767.5331670973
496,1141428.101940115
499,1155960.095179889
500,1142330.3165198644
502,1131630.754491583
505,1157428.2440520339
506,1138788.3484313777
508,1142394.0095811237
511,1186167.8015074679
512,1150541.388287401
514,1160403.6873955354
517,1158774.5600084055
518,1139257.6043110993
520,1134959.1586582984
523,1167734.3639732378
524,1188028.7792118525
526,1221516.7971398747
529,1190564.6255326034
530,1212202.1903805416
532,1215028.8612193128
535,1212682.2523315658
536,1220678.0134979964
538,1187940.0439810446
541,1213241.4561616192
542,1266047.594589178
544,1289248.1080463522
547,1248972.7784953648
548,1265492.428067197
550,1261550.8376787666
553,1268820.4542049353
554,1266685.488526238
556,1213918.0793352276
559,1194208.3519728014
560,1179132.2149506079
562,1180504.166381289
565,1202280.5765897837
566,1207104.914435638
568,1237409.1944735714
571,1166302.392720777
572,1224954.4718903666
574,1139528.6486791477
577,1116662.8345106186
578,1117380.1336023922
580,1118127.3107384809
583,1132501.9083938615
584,1139452.456125145
586,1133322.5413056265
589,1112373.4280859728
590,1254286.5123845902
592,1236291.0234723494
595,1235499.8025574286
596,1234128.5284122538
598,1206589.6508145367
601,1239356.1848623378
602,1219207.898025226
604,1227456.250529797
607,1116352.1462046488
608,1108863.4080606557
610,1123875.38141181
613,1132283.699997499
614,1143078.495102452
616,1149307.3527506322
619,1106606.1792537225
620,1155554.5682486647
622,1180342.069803096
625,1203854.3284057428
626,1133312.2017920692
628,1193724.8772703551
631,1198975.3939351952
632,1183411.5556192442
634,1172130.3440742306
637,1180915.1427278083
638,1166180.084968968
640,1164377.4601127745
643,1215304.3336987225
644,1199043.6462871765
646,1170769.943797143
649,1166618.8278985398
650,1185854.7184042016
652,1228934.4135790858
655,1213760.5124826042
656,1298021.2184935878
658,1260178.4927895737
661,1223068.406626547
662,1268548.5529031756
664,1194504.4577833298
667,1240730.4587105985
668,1202897.023918445
670,1173798.646940473
673,1106166.5198977916
674,1151524.9715822174
676,1135368.4494109426
679,1141055.0555210423
680,1143519.6484287886
682,1137465.4353153321
685,1186632.3565919576
686,1119268.955182536
688,1168194.2445073444
691,1130627.5441971084
692,1130156.9990192053
694,1128879.91585542
697,1142424.4310850448
698,1162489.8416641748
700,1097250.2332536047
703,1102069.671746731
704,1094160.6784972942
706,1116296.477084759
709,1105632.1368689928
710,1116236.353461713
712,1157137.3225570614
715,1135983.4981858877
716,1108723.6940663483
718,1183995.4042095558
721,1193254.5381005965
722,1195720.3536733647
724,1218572.198058446
727,1199352.4116108774
728,1201820.9694980183
730,1192178.1767634137
733,1199098.467634164
734,1100720.8876282256
736,1113866.9751859652
739,1139310.9855639085
740,1126256.8957703556
742,1142136.4999597406
745,1109008.1766910958
746,1115068.5152302296
748,1135626.4093090093
751,1265291.807359071
752,1254580.6406341195
754,1230634.1371647865
757,1239250.5256556682
758,1239964.4611623667
760,1237576.0466032797
763,1232375.665679486
764,1244995.9407239251
766,1210621.8119881584
769,1197826.2641986366
770,1181723.8384140485
772,1181516.1174485716
775,1216761.7485582924
776,1194394.3570005118
778,1167577.208002102
781,1175209.000147861
782,1137691.2725963262
784,1145513.6513732604
787,1138906.1032363654
788,1155654.855483799
790,1137743.7546161385
793,1111277.0565029748
794,1130940.2815697112
796,1119397.036187885
799,1204856.7911300997
800,1175826.7504311833
802,1170367.9161280547
805,1224552.0993309012
806,1228868.3263064362
808,1209368.0021033436
811,1186117.0699695314
812,1193290.0413086952
814,1158921.2003463479
817,1179929.4051150426
818,1150425.5535343287
820,1176255.7919340678
823,1151774.409488261
824,1153667.7031048078
826,1169583.5066427088
829,1171969.2648756409
830,1033984.1302313097
832,1083427.7536634936
835,1056233.19639972
836,1055873.8386065841
838,1075053.6678901832
841,1065625.0400897781
842,1095261.3003215825
844,1060961.3048167059
847,1145750.6443265358
848,1136743.9561660655
850,1120124.2464864226
853,1146303.0927124077
854,1106730.239137347
856,1114229.3287935937
859,1113125.2230699488
860,1142665.437532383
862,1169761.3401727153
865,1116407.1860429433
866,1125875.2064039519
868,1150474.5440984257
871,1127767.7827860557
872,1132542.8762540568
874,1119159.128539298
877,1160677.1073677705
878,1133749.923864987
880,1135002.7911774688
883,1134538.3596973447
884,1124240.0883937655
886,1129398.8926106212
889,1148590.1096344052
890,1129313.7377677285
892,1142470.497360822
895,1150393.699039684
896,1145741.6868392522
898,1152639.054358709
901,1163351.453930036
902,1138599.7111426191
904,1122522.4195646066
907,1170335.4863128841
908,1149429.640357908
910,1190720.0922689997
913,1182311.8176490455
914,1188071.467920875
916,1191884.4075670657
919,1183052.1515843754
920,1196127.139389604
922,1191727.718946695
925,1193569.9710731306
926,1146099.9541084687
928,1142526.7136012223
931,1159656.1087168546
932,1132143.2537368832
934,1188066.6150305693
937,1121320.0631292649
938,1121067.0858557865
940,1147847.5126332538
943,1108381.2331954392
944,1182140.1874039208
946,1107491.9530638424
949,1126811.8043078785
950,1080955.6472174886
952,1127784.9042468576
955,1095717.8628067863
956,1097626.3631212162
958,1162802.9046902636
961,1154470.4194739498
962,1148710.0616155183
964,1152102.7733641237
967,1137747.757291798
968,1136577.2220440116
970,1163599.852918229
973,1156464.4506472503
974,1102063.6930962356
976,1088565.7357121175
979,1098514.909989728
980,1073846.3846568034
982,1040884.2832921022
985,1067275.2879098319
986,1031533.0643448991
988,1053135.3306514714
991,1221216.412514989
992,1209202.4977133032
994,1213638.5644293912
997,1196194.7569832492
998,1206892.1593047646
1000,1213322.4470686004
