,990450418.3615103
1,41628611.77828863
2,42180511.09211269
4,41601948.097495586
7,41778419.22508586
8,42033012.8400877
10,41944570.066664055
13,42361350.11550864
14,42550360.89719601
16,41616896.14588505
19,41499640.55351849
20,41659364.01642908
22,42038393.00827223
25,42441280.66368467
26,42105187.031113654
28,41469988.64722506
31,42106423.699903436
32,41694011.16609092
34,41600348.16885034
37,41556524.243915394
38,41386725.11761305
40,42099887.51685343
43,41847994.72713059
44,41209289.32629278
46,41470387.61297959
49,41654744.02582529
50,42164205.50932327
52,42945034.38048718
55,42001849.776892304
56,41842025.415823944
58,42358874.29805666
61,42210096.83945429
62,42195108.96153913
64,42279564.83202029
67,41715135.36982984
68,42424833.899714544
70,42078705.42713942
73,42330890.23445772
74,41954808.77808058
76,41748447.10186336
79,42181473.555504754
80,42567066.808077544
82,42391482.89276472
85,42401746.08796158
86,41809741.1531343
88,42111241.555822544
91,41691650.845812865
92,42112635.93649564
94,42642275.98018854
97,42013561.56467664
98,42007970.82054839
100,42176214.90820931
103,42135137.72928603
104,41438071.80669825
106,41390219.459479444
109,42591278.419411495
110,41906032.63073251
112,41929381.21637162
115,41521143.3748174
116,42193611.03390065
118,41776641.34876153
121,41325620.84680592
122,41915521.56919102
124,41901997.51771409
127,42022007.53063306
128,41827896.16476721
130,41751908.80178089
133,41371082.82024157
134,41676742.102441885
136,41445133.38516373
139,42014977.96868762
140,41596884.48313388
142,42636583.84802644
145,42308161.30887896
146,41712824.83391015
148,40939091.242428586
151,41973993.93133379
152,42370473.18951538
154,41797080.60201127
157,42015042.20523052
158,41452835.891452126
160,41609343.60916752
163,41814184.1681267
164,41631591.77292424
166,41406057.56873189
169,41418586.8703767
170,41397265.998046085
172,42494452.27003664
175,42467266.563389786
176,41061423.08185061
178,42136582.98321008
181,41167159.78239927
182,42120413.376887314
184,41376862.820934325
187,42008565.37547951
188,41549516.81625798
190,42412482.68931608
193,42614417.45490538
194,42032775.85622021
196,41543241.961025976
199,41986050.77562237
200,41877362.79589216
202,41456647.25207829
205,42053181.71112394
206,41795914.37501277
208,42083015.495450735
211,42232442.16653982
212,41487679.8150218
214,41402959.13094183
217,42035270.53619086
218,42123982.96237293
220,42368399.41819708
223,41643751.82687501
224,41321771.814980246
226,41862236.055877306
229,40823350.93838783
230,42314079.72370537
232,41840903.62809602
235,41360608.27172521
236,40951400.26059644
238,41576789.41641202
241,41125222.30874099
242,41743603.991666235
244,41793567.061831295
247,41221781.93091982
248,42196774.457299024
250,40504405.908270575
253,40399554.66299355
254,41238849.66549061
256,40415068.18682551
259,40935195.591909796
260,40897412.56553918
262,41053832.10656178
265,40794386.41176256
266,40416840.627441734
268,40809398.47938459
271,40962325.57025691
272,41269973.17083336
274,40778141.0338646
277,40395667.24132598
278,40362393.226548284
280,41355113.143028915
283,40531897.346731156
284,40491568.19396842
286,40939675.77643967
289,41201418.47983165
290,40820757.4132613
292,41252214.100778155
295,41289365.71057515
296,40780639.34574917
298,41176227.47843001
301,41257741.74630043
302,40682078.65702801
304,40782479.99595353
307,40602829.96426257
308,40370438.049938396
310,40754413.65048226
313,40312050.36985483
314,40795282.89724077
316,40808857.786197476
319,41257390.56328499
320,40532085.86670051
322,40832111.74497837
325,41219166.12057228
326,40871246.70955909
328,40768628.74357718
331,40663717.3898244
332,40683862.50059465
334,40601527.72224861
337,40846653.62444515
338,41422843.51299951
340,40524541.733978696
343,41083743.190562926
344,41044394.770150505
346,40605909.50218791
349,40626883.41786484
350,40665359.94912679
352,40709357.40863495
355,41068672.283483505
356,41510293.03634733
358,40591569.00183262
361,40417177.10658851
362,40650894.185837075
364,41156103.74200387
367,40529313.67488817
368,40661391.929101795
370,40993851.268239416
373,40676485.065537326
374,41323682.597812414
376,40158381.88637836
379,41225934.22617275
380,40812552.33683481
382,40818350.799946524
385,40904338.11395432
386,40585463.846425526
388,40756788.78801896
391,40318083.87005737
392,41132938.274820514
394,40498894.901998244
397,40808643.119060434
398,40463824.30497476
400,41221431.9907887
403,40542188.748788506
404,40434440.88828203
406,41268973.590916574
409,40125822.822349586
410,40793045.130393185
412,40907286.22228965
415,40978304.14809295
416,40534851.24335077
418,41011436.368525766
421,40508807.79642059
422,40273114.52031771
424,40792333.6440431
427,41288116.09923695
428,40486203.60221069
430,40696133.85562785
433,41045787.50939294
434,40900374.67527081
436,41129667.1642786
439,40653471.83728924
440,40165802.64681165
442,40742449.70802492
445,40849613.86726723
446,41150109.04274537
448,40556757.21032805
451,40301288.60656885
452,40254441.36150518
454,41131550.92895761
457,40410747.28220567
458,41433933.05541217
460,40424742.65400396
463,40768205.29175514
464,41009713.072199084
466,40864970.13045524
469,40685022.83810746
470,41002770.196155846
472,40680212.76732439
475,40404213.28352632
476,40603005.275351286
478,40557080.27581079
481,40817634.26559623
482,41080151.59426267
484,40755547.44015649
487,41025250.49044204
488,40961078.82557106
490,40335750.19868806
493,40999039.11114825
494,40888275.13340902
496,40936019.26430626
499,41155135.35211926
500,41525534.13341621
502,40899573.39056906
505,40429666.32917831
506,40905351.32493583
508,41441604.88717795
511,41443820.619740345
512,41226858.07944108
514,41045079.595093
517,40676771.20871937
518,40512109.19781234
520,41029690.59342411
523,41114239.056011684
524,41261210.156470895
526,40901227.83560419
529,41436898.11133
530,41068417.57777836
532,41229646.919171765
535,40622638.91715262
536,40980093.7757027
538,41205858.86461199
541,40481772.47173273
542,40830992.05800507
544,40724244.2361399
547,40946961.02558709
548,41417342.88528114
550,41070765.33598062
553,40916143.27319141
554,41391119.264828995
556,41105665.91630988
559,40987145.87496618
560,41519963.83357746
562,40984979.87529321
565,40673161.27008647
566,41120189.42830057
568,41351353.95164737
571,41074356.421970345
572,41049441.89593603
574,41211634.366192445
577,41414605.77125052
578,41070566.43654345
580,41272325.70460276
583,40900894.77845836
584,41063097.7475594
586,41225535.91633566
589,41026374.15492503
590,41073679.03759083
592,41084308.181810156
595,41296346.86267988
596,41234606.16692057
598,40838384.324153125
601,41086609.78047118
602,41069447.61118759
604,41299744.57997246
607,41302691.946971305
608,41588965.258450076
610,40869366.16606658
613,40861319.57422538
614,40993812.946118616
616,40697707.659802586
619,41255996.478311315
620,41651931.352419116
622,40784870.53272136
625,41271681.38380424
626,41066641.152443156
628,41171424.68508715
631,40970371.76654285
632,41098827.91031965
634,40874470.60875456
637,40853802.00838508
638,41091842.48387265
640,41344933.46267293
643,40973608.17609726
644,41151829.242426984
646,40889467.22208657
649,40716942.963138714
650,41305666.46639952
652,41342673.363874085
655,41577990.85239366
656,41105343.04918758
658,41450515.847030655
661,41048753.8202926
662,41359336.78550248
664,40996445.587529995
667,41525639.38903973
668,41076448.110989496
670,41023324.48631079
673,41368592.85587761
674,41174263.73127004
676,41101480.8039612
679,40803615.74988685
680,41522224.272804305
682,40864630.36872214
685,40739210.45503636
686,41094180.69748824
688,40990969.723719895
691,41049892.45731935
692,41279875.813757904
694,41278024.43604605
697,41683287.34933006
698,41646976.67340126
700,41230500.95216506
703,41202638.55839248
704,41368788.76605628
706,41238985.039734684
709,41494861.87479946
710,41170513.775180906
712,41628448.99016923
715,41316044.539807856
716,41026749.99617671
718,41151004.177755326
721,41559340.88799161
722,41110104.58883346
724,40944653.285214804
727,41751954.72095613
728,41020538.178896636
730,41163097.00011624
733,40691377.75211689
734,40669402.210632
736,41312350.615712345
739,40813952.182650566
740,41227348.83279196
742,41240634.869104184
745,41708922.38935283
746,40777718.173910916
748,41196390.84186432
751,40589707.782811746
752,40992229.2442433
754,41457583.820773005
757,41280601.680660635
758,41025610.484667994
760,40548983.00267818
763,41012435.15198636
764,41203238.06989413
766,41216681.29854859
769,41450843.99181295
770,41196306.44809529
772,41326573.66149665
775,41269713.89464016
776,40642188.70885001
778,41464236.968705274
781,40974801.52349173
782,40772487.11403184
784,41144789.586900175
787,41595261.71703944
788,40704929.975976825
790,40976178.333967045
793,41250759.44256357
794,40572614.770539254
796,41893248.282471254
799,41442168.83252961
800,41473346.062584735
802,41254945.91275861
805,40794579.192990154
806,41294820.10163723
808,41212703.80547147
811,41141085.011191115
812,41293718.34599378
814,40634744.40499907
817,41080506.36230592
818,41303506.86691974
820,40611092.54790628
823,40637924.21611435
824,40734788.07448961
826,41158649.946938425
829,41101646.69703861
830,41243484.087584116
832,41203954.52346975
835,41417030.14468012
836,40849928.551936544
838,40685666.179654546
841,41145752.16378254
842,40549153.4801945
844,41177487.35644707
847,41313323.384401254
848,41165995.13590558
850,40972265.285931386
853,41398615.10703679
854,41196868.023780875
856,40454137.88385754
859,40905236.30692464
860,41588808.108832076
862,40417744.759588
865,41272549.144563645
866,41439263.675844304
868,40873708.770644486
871,40788965.788511634
872,40837216.878544465
874,41058001.28277552
877,40950093.12814162
878,41088001.388029814
880,40916238.41229317
883,41291902.83666696
884,41062667.74402362
886,40768281.12730492
889,41294223.89859032
890,41344600.34622707
892,40997109.660544656
895,41234552.77502789
896,41210528.65851317
898,40898784.73776191
901,40609265.64259484
902,41397214.878280304
904,40750898.05059979
907,41128520.968023844
908,40963545.427232616
910,41430225.77013314
913,41253476.86976146
914,41637145.5939116
916,41276042.1438584
919,41370314.96402716
920,41425554.050567344
922,41393079.26298877
925,41341119.65626479
926,41138460.82603036
928,40849832.45432117
931,41184831.47324089
932,41213231.55757943
934,40583563.681928806
937,41035805.08315914
938,41458179.392347686
940,40162104.584561974
943,41308304.983708136
944,41514799.668334775
946,41483262.28346117
949,41092452.50956654
950,40791799.247460686
952,41100763.60927701
955,40671879.50356897
956,41181038.35588435
958,41150600.021608844
961,40935801.43406783
962,41493045.96553505
964,40887034.39350842
967,40970226.9372623
968,40578274.41061167
970,40204979.06433057
973,40968821.8735921
974,40907796.78546256
976,41307624.374099724
979,41229739.73627097
980,41171322.98398887
982,40588073.263553075
985,41296496.846470915
986,40672135.36676842
988,41360629.78146399
991,40678799.15093332
992,41307951.50469808
994,41276161.99840066
997,41303156.73100275
998,41078546.10931978
1000,40990082.80891299
