,948947945.3729539
1,39985108.25992352
2,40189822.76858086
4,40296783.34948383
7,40111482.19611114
8,40257896.25824146
10,40047311.66401938
13,39933293.52757017
14,40120846.16837947
16,40086692.03840088
19,40058528.227967665
20,40006125.93180319
22,40187823.88387661
25,40057383.12979021
26,40000349.02089071
28,39996310.403733976
31,42479870.9156397
32,42227722.99854237
34,42899510.150249995
37,42944444.2680066
38,42997224.78303115
40,42501611.46676181
43,42589283.78990166
44,42721201.6942845
46,42423734.054025695
49,42110497.64072852
50,42987765.55327654
52,43244676.141248465
55,43003247.913939565
56,42774111.126888804
58,43224768.70259282
61,41849093.846932106
62,44569471.79446829
64,43765100.22526057
67,43629438.57223691
68,42926965.54886727
70,43544932.57547196
73,44699888.04699091
74,43639201.338413075
76,43929220.544736534
79,43045682.19698915
80,44264198.865588754
82,44106517.36940096
85,44056538.36438753
86,44104594.981263034
88,43229133.353593566
91,43780260.03796738
92,44333768.98824046
94,42551894.70697513
97,42160338.67452051
98,41751104.162759915
100,42208718.98237835
103,43616007.66723223
104,43661294.30923397
106,42689541.71978091
109,43485732.20174687
110,43209058.80495147
112,42337162.879509315
115,42328133.89412263
116,42124834.44016026
118,42573517.1019196
121,41970107.448636174
122,43181567.1658987
124,42592923.03994291
127,41101238.833155625
128,42112160.882277146
130,41293343.833386004
133,41637432.61035011
134,40842803.56245548
136,41953541.497007355
139,42275985.181718245
140,41928664.04041918
142,41451368.173823975
145,41466605.19152934
146,41995872.986852534
148,41405101.73858997
151,41998391.213401705
152,41249237.079953335
154,41358185.500538014
157,42445092.59232225
158,40376668.43059688
160,41199060.85574454
163,41633216.953604415
164,41159578.19928905
166,41751438.053930074
169,42299134.70277089
170,41558170.30465714
172,41968456.4454718
175,41634392.463389896
176,41710173.24317198
178,42388698.05543325
181,41816284.46924099
182,41923562.17547813
184,41504792.709962696
187,41372564.027489625
188,40841809.35902292
190,41968098.98072658
193,41927425.32450737
194,41221446.409656525
196,42114005.985179484
199,41762065.03565605
200,41153145.48581565
202,42227675.29865544
205,42072351.83372321
206,41431569.69528777
208,41887640.26249626
211,41417712.17774606
212,41036964.433673225
214,41873686.97699684
217,41595686.67357509
218,41249165.69765517
220,41829311.77855042
223,43743302.93987597
224,43698442.67570524
226,43614052.72397023
229,43469740.4217827
230,43419295.00256521
232,43547161.50205248
235,43493689.724971026
236,43591921.065950826
238,44031832.151057914
241,43860303.97674904
242,43471642.135581106
244,43492570.50867398
247,43600629.1435439
248,44013445.17441385
250,43327596.22800401
253,43697952.66853328
254,41417356.27878535
256,41140334.86345975
259,41692079.99133948
260,41924657.4353335
262,41342099.11164428
265,42200104.12983459
266,41366422.70456036
268,41460950.16910106
271,41731334.30898488
272,41692015.64282098
274,42040658.64367909
277,41697207.92287673
278,41248831.32551292
280,41474480.68830978
283,41184339.86380654
284,41345766.81934361
286,42550058.828498304
289,43113828.45133685
290,42496454.410146974
292,43515957.44132948
295,42386546.287933655
296,42323410.559972994
298,42853001.5109474
301,44210059.760959215
302,42396606.54582499
304,42677090.321015164
307,42173708.10576458
308,42374699.72350995
310,43160146.24961183
313,42640863.749162085
314,42816660.107427455
316,43520529.15663608
319,44021207.314196095
320,43238059.47295366
322,42533308.70258316
325,42613019.78020025
326,41872948.19898296
328,43010501.95973448
331,42837903.1827786
332,42016971.81327914
334,41428105.64395466
337,43129672.96648051
338,42840494.4435858
340,41593523.02921398
343,41980237.057267435
344,43756882.78685856
346,42685126.26437989
349,42046007.690958664
350,42261920.33584101
352,42965263.05176535
355,42397100.66628426
356,42698666.89630097
358,42320755.84097643
361,41898694.44335658
362,41858617.12396796
364,42560829.120506436
367,41526812.590564765
368,42123413.93422437
370,42391981.40398153
373,42833918.30269584
374,42338937.33334998
376,42224767.00184761
379,42869911.9807413
380,42501571.514610834
382,43522168.074132115
385,43480464.57253334
386,43174269.10276784
388,43233280.19919513
391,43213812.77672211
392,43296583.86084969
394,43505311.81594478
397,43664822.040803105
398,43160756.53382109
400,43809447.94949803
403,43268972.4026971
404,43053547.45353159
406,43748884.16850098
409,43207187.06196867
410,43364935.36187205
412,43539672.74246185
415,37098111.074486375
416,37041777.74358439
418,37426804.31496384
421,37440194.70221311
422,37481624.99642948
424,37939015.334179826
427,37792819.78094691
428,37375146.91023247
430,37605927.24867963
433,37457481.13120592
434,37712792.82407782
436,37416486.0571798
439,37706941.876988925
440,37701999.79109906
442,37984304.92359964
445,37553654.84033277
446,43196919.45932918
448,42584507.08050291
451,43279591.90345595
452,42490424.39970158
454,42958821.71200207
457,42717340.49277966
458,42916111.371785074
460,42184295.06171246
463,42459394.25332588
464,42990442.170310184
466,42757151.77219156
469,41975024.067835286
470,42965103.65397584
472,42614901.46414487
475,41711377.78188161
476,42167740.28945631
478,41830202.38709689
481,42067226.678197
482,41576950.74098064
484,41757341.59616636
487,41838407.93734359
488,41940756.257150814
490,41733888.02266218
493,42441867.86214306
494,41941130.24181317
496,41931186.278591305
499,41303808.36521096
500,41893865.95676273
502,41761759.15980075
505,41573302.15014223
506,41864838.14349857
508,42357449.147228844
511,42838659.78612608
512,42690922.71420878
514,43310360.15009015
517,42818273.3171052
518,41747064.25029424
520,43309286.35270159
523,42708255.063585155
524,43422605.22733388
526,42754765.28332495
529,42401253.58989158
530,42452450.56213241
532,43021052.73053453
535,42522726.2620802
536,42621826.00898637
538,42969005.89931325
541,42032999.487260185
542,43125000.40178854
544,42324225.21500281
547,41632214.82382756
548,42672583.18688553
550,42096661.01094811
553,42124762.10624032
554,42291744.31369278
556,42385034.89628364
559,42288340.36159907
560,43110995.37499803
562,41573778.379536405
565,41638980.478946194
566,42781255.58818495
568,42324493.58412697
571,42795438.49011985
572,42532244.61705228
574,42113157.24572002
577,42519152.22143429
578,42118558.23307164
580,42743744.64672428
583,43298549.56715692
584,42089676.86673482
586,42615542.03915374
589,43285353.779877216
590,42455934.0612627
592,42864862.972903736
595,42029730.826218426
596,42842708.80288671
598,42401897.33237895
601,43192385.44008897
602,43187428.74237484
604,43028880.48361643
607,41883313.966132514
608,42250574.05440918
610,42040377.958711185
613,42014598.54782731
614,41334333.032271594
616,41170925.72598368
619,41871634.76362814
620,42467957.22199202
622,41615879.87115154
625,41982819.633567676
626,41467640.76433244
628,41824458.90315471
631,42183672.065658726
632,41656506.50162242
634,40642412.35212276
637,41252580.94431582
638,41716250.33993971
640,42423099.42317429
643,41904794.76575617
644,42132979.717307694
646,42455279.997285604
649,41887187.23873362
650,42307261.56271581
652,41758276.341761164
655,41560786.95267964
656,42396988.8813662
658,41547635.49403603
661,41295125.58344979
662,41650190.29927068
664,41703362.803089365
667,41320918.16690866
668,41185481.92382128
670,41633568.333123244
673,41906357.32171575
674,41040965.43970053
676,41450552.3385946
679,41589405.907963075
680,42286188.8351739
682,41145822.04744932
685,41204559.572798125
686,41474117.101425394
688,41204502.289092965
691,42115773.1070421
692,42134059.30061622
694,40776153.81334314
697,42244407.92573289
698,41093604.77851166
700,41378251.57878399
703,43864800.10046302
704,43905108.59173886
706,44087279.063703544
709,43608215.3610942
710,44351352.888122424
712,44513021.49646494
715,43458450.791842856
716,44108558.678716674
718,43348871.324932404
721,44269524.24406144
722,43876591.73056433
724,44195041.62656539
727,43846636.331143185
728,43551911.96699355
730,44796388.21393285
733,43936421.11095539
734,41377699.12226446
736,42420825.57698264
739,41615836.44648169
740,42056676.68944816
742,43174970.93591174
745,42467064.90879231
746,41304114.06526229
748,41905505.41180137
751,41656501.61500597
752,41403379.494359225
754,41557475.96432104
757,41898732.102317065
758,41683524.86023411
760,41401076.50023607
763,41306468.248466656
764,42381275.89075091
766,42698980.71569801
769,42808212.08271005
770,42945231.30092613
772,42991272.70660626
775,42926266.50529518
776,42749140.7178106
778,42367100.91516595
781,42304154.81445214
782,42188864.00906877
784,43635302.22627288
787,43219845.072771184
788,42581828.30625908
790,41846484.16992497
793,42276969.95236318
794,41830941.20419957
796,42439488.324535675
799,40618682.089103885
800,41070481.10107317
802,40852001.66434296
805,41069360.9227386
806,41066344.80789288
808,41462420.89348833
811,40860036.270334594
812,41316775.431632586
814,40595101.19414764
817,40903279.45232972
818,40370545.64396239
820,40882132.58268661
823,40890281.39645336
824,40891197.3626482
826,40657370.29634132
829,41018734.03220892
830,43633595.09583512
832,42693884.191713326
835,43301960.845888376
836,43395520.095151424
838,43127309.35019289
841,42626698.46331953
842,42658455.32443076
844,43749224.15490092
847,43330823.00334277
848,42410607.67617786
850,43169300.42110502
853,43045906.77575204
854,43705877.27036237
856,42802026.87207057
859,42908147.91420293
860,42507133.93106125
862,43927705.7255404
865,43396004.10957801
866,44463842.683951005
868,44580347.77089727
871,44552710.40753994
872,44358854.80217003
874,43415775.79334883
877,43640069.11483844
878,44008853.726848006
880,43278844.66851893
883,44441504.30038609
884,43856102.766315065
886,43521913.32078335
889,44413198.33169351
890,44191940.99774848
892,44270778.588063076
895,43486968.80381347
896,42088638.53806556
898,43263675.200607724
901,43417449.13866091
902,43352054.01186711
904,43007694.78708559
907,43140314.54904683
908,43859419.3106068
910,43035687.696069784
913,43113963.193393275
914,42881862.944393255
916,42682968.09437148
919,43160572.40938318
920,43574793.77286644
922,43421713.68701209
925,43628103.22999375
926,43343218.838391304
928,43337692.69758478
931,43759536.826495074
932,42506489.92812044
934,41202016.7387237
937,42886578.77189369
938,43299541.927318655
940,42192542.095041364
943,42459173.10429547
944,43988750.00436913
946,43532731.32378184
949,43247567.627707474
950,42755178.00034933
952,42008300.79165388
955,42438529.848429136
956,42926712.02473036
958,42225335.964709006
961,42853319.057659194
962,43708555.008951195
964,43719211.51377822
967,42940094.763179645
968,42925747.41429021
970,44129352.77183919
973,44812820.33126856
974,42794949.55219204
976,43376175.854634434
979,43458491.37284992
980,43082509.15613677
982,42400611.757628635
985,43195047.86620438
986,42423046.68433008
988,43767479.06560734
991,42589992.652368605
992,44459325.6521684
994,43021086.759774454
997,43877154.12511717
998,42277078.49355397
1000,42900333.512607306
