,995617578.5512016
1,41237108.50038568
2,41342365.07337546
4,42220333.94831823
7,41985455.23197112
8,41959653.6229103
10,41932409.9709645
13,41974206.47992036
14,41037905.42522873
16,41199684.99133344
19,40345976.615911186
20,41379536.94409396
22,40975822.90449172
25,40661666.06674228
26,40494546.53077221
28,41416320.971337
31,42461100.23298988
32,42982106.12312036
34,43052327.02668072
37,43681437.72996346
38,42951097.47961692
40,42610060.766599774
43,43603185.130062684
44,43030323.68276904
46,41519710.67578563
49,39107772.100875065
50,42598056.77283879
52,42983844.85661631
55,41775141.179626755
56,42766165.0323272
58,40867387.18650438
61,41996319.85161458
62,42842798.73862152
64,41674406.25610557
67,42006505.46926861
68,43066396.293381594
70,43445219.51760325
73,44515315.5276238
74,43542676.73071755
76,44072017.80024265
79,42989032.79629373
80,42598173.64085312
82,42889932.06366615
85,43193938.895302534
86,43025547.25224786
88,42638493.42235532
91,42420392.37562839
92,42644815.27270885
94,44029197.11309413
97,44300214.47416728
98,42838636.143724345
100,41552474.16194921
103,42917766.013674885
104,43075570.44127353
106,43229384.98396201
109,42939316.604394116
110,43295649.17123988
112,42933563.87471124
115,43006950.258559324
116,42868579.048247956
118,42505168.25691727
121,43142716.742507316
122,43233486.61777355
124,44221467.403292134
127,42187278.78071075
128,41613492.44322375
130,41614613.67900834
133,41779103.49517048
134,40941669.80723476
136,41874856.78048349
139,41435903.66168132
140,42915201.1147107
142,45410227.96212506
145,45646001.475925244
146,45414080.46648477
148,44212108.044156015
151,44817318.851329
152,45177699.75458747
154,44997655.35929875
157,46160632.31773145
158,41649287.17057682
160,42171973.020045534
163,43139476.918092504
164,42387735.135028146
166,42283331.26110736
169,42843791.444085225
170,42873477.19751252
172,42485797.751402065
175,42824326.176663786
176,43376403.04925507
178,43510375.91610404
181,42923143.77465551
182,44416751.73622371
184,41545544.01172641
187,44277062.00004672
188,43144818.31527319
190,45322127.77754804
193,44589073.936613545
194,44120081.62093653
196,44808454.46786014
199,44349628.51492459
200,44258978.56804737
202,45653746.50827962
205,44425720.056541555
206,42900527.65557678
208,42573358.07381975
211,42781673.306100346
212,41936963.07922472
214,43771973.50504763
217,42824059.75282122
218,42616660.91353967
220,43753399.375948675
223,41851161.957233526
224,42633075.042247534
226,42415294.0152857
229,42871215.42858517
230,41859216.105862446
232,42917045.83748768
235,42407260.948092446
236,41514649.93617329
238,43359408.88544849
241,44422037.40994601
242,42305330.55312124
244,45353472.70687886
247,43419816.26240741
248,45299449.86298608
250,41787886.32411832
253,43302977.97846634
254,42469955.37315125
256,42697967.820912905
259,43061471.50214198
260,43708345.16107327
262,42353004.20048695
265,42342880.91337938
266,43055012.01204661
268,42545600.384425566
271,43244090.82845378
272,42205681.24319397
274,45008262.61335154
277,42489589.6354117
278,42853349.674489245
280,44448704.93912903
283,42435898.9665476
284,42792306.93563642
286,43701356.88483285
289,44014110.792413406
290,44622152.059720196
292,46287922.90706245
295,43314679.01998409
296,42766759.3270814
298,46260669.08884844
301,45631408.137601696
302,40266472.56262695
304,41067221.781964466
307,41068837.42904256
308,40653987.1833375
310,40905067.94522041
313,40654476.113749735
314,40994092.9372112
316,40813339.57321738
319,43129525.516051844
320,43345421.87845795
322,42331950.699454874
325,42605692.37551445
326,42461509.85443895
328,42276200.71418602
331,41205168.53354433
332,41720984.52557874
334,42117320.988787875
337,42700132.46165927
338,42896201.89641852
340,40790279.844271526
343,41942249.97095204
344,42200626.42841317
346,41884198.818481535
349,41803791.13285762
350,42332693.42368374
352,42509966.757229514
355,41580895.78488747
356,42857967.76989669
358,41723115.15082365
361,42522271.18817617
362,42245763.73153958
364,42624179.66231015
367,42283974.29472588
368,41702765.10695359
370,42756673.65335894
373,44261233.791272834
374,42563025.18736149
376,41307201.46018424
379,42695688.5058567
380,42803232.59002366
382,44024391.99307341
385,43149915.29588559
386,43815772.70969865
388,43074740.600243986
391,43894653.08757597
392,43318924.193901554
394,44650564.787875384
397,43067492.78362514
398,42286113.590263434
400,42389580.942311786
403,42548540.79003494
404,42596059.611999884
406,44226788.50807533
409,42343351.08894904
410,42546879.15047634
412,42565289.097008355
415,42355085.04033643
416,41376449.37338432
418,42395187.351316854
421,41202680.25481588
422,41112723.37286126
424,41418033.29126836
427,42276913.87696762
428,41746885.05934042
430,44144448.073483005
433,44132417.38058523
434,44052833.14701285
436,43774607.75305548
439,43580235.343897045
440,43369497.74069101
442,45176029.78561668
445,44476871.40765046
446,43776448.249951266
448,43514649.56426279
451,43746067.91143329
452,43831148.21859963
454,44702128.08682465
457,43229480.7352771
458,43446633.97062594
460,43273010.909935035
463,40935624.17948817
464,41731040.37232658
466,41447663.69090482
469,40315894.064335875
470,42118652.72588254
472,40992046.76163547
475,40492638.04234289
476,41385452.3039053
478,45823795.0131763
481,45235037.12639675
482,45015487.53822182
484,44432765.533762254
487,45344062.81775624
488,45425997.08813762
490,45778406.60789854
493,45553574.84971782
494,44119856.83779684
496,43853836.70004912
499,43189030.66897697
500,43102224.41480865
502,43457206.02609333
505,42775124.13062184
506,42965926.43764758
508,43127271.03735528
511,41623994.74620562
512,41442872.17853983
514,42611164.84319371
517,41765918.54626196
518,42410873.77742089
520,41182131.79629127
523,41981295.19145522
524,42035796.53096319
526,42914158.63924102
529,43622865.00660621
530,44049011.46496438
532,43573659.19524441
535,42346192.97014653
536,43140253.62360372
538,43668361.91583194
541,42211254.68446092
542,40596249.9160417
544,41149272.289431594
547,40814211.860210076
548,42022682.043043375
550,41804254.024753705
553,41766519.04120505
554,41091103.618076086
556,40432705.850167446
559,41135864.7608561
560,44221595.59639441
562,39360030.03319893
565,40952411.25786303
566,41836486.32929489
568,42416881.82603701
571,42359831.02520526
572,42990399.269112706
574,40358288.026019976
577,40808393.67572258
578,40559115.36130282
580,40933361.89493134
583,40407371.952103086
584,40305472.43539357
586,41292962.195388466
589,40180372.298286326
590,43140829.56319968
592,44093722.30131573
595,43701884.13274155
596,44030599.629670486
598,43793623.54356998
601,44185681.370140366
602,44275414.859143734
604,45698607.05082614
607,42433741.65641217
608,43098330.141382255
610,42786006.20517066
613,42899606.13613129
614,42584823.309822835
616,42078078.263640724
619,43150741.63820858
620,44057923.77373405
622,41697401.06929988
625,41949422.053477064
626,42318459.78021984
628,42508922.940877065
631,41970308.28972833
632,41658306.20984733
634,41198411.88388093
637,41468919.32217846
638,42866121.097371854
640,43444180.82563288
643,43597018.61543942
644,43122217.50953768
646,43032903.38689048
649,43777623.23740139
650,42942085.2724215
652,43859501.20823194
655,47336985.01919604
656,47512231.24367468
658,47864232.0227079
661,48612173.08619138
662,47970046.20255991
664,47778909.867568746
667,48353309.716118
668,48574609.489289545
670,42538641.88734011
673,42636479.04199421
674,42857586.34507261
676,42025156.389462374
679,42368617.23989507
680,42263666.831401005
682,41982314.563300595
685,40698769.332534984
686,43199742.15805295
688,43577996.040587634
691,43249554.282893755
692,43448635.55644597
694,43356351.80203244
697,43998537.42848317
698,42879032.688569464
700,43708873.00988438
703,43893497.85126952
704,44051548.55512749
706,43574527.20329189
709,43310468.66970415
710,44226095.740746476
712,43850117.01095662
715,43359959.22538885
716,43769895.47073819
718,44952783.60258116
721,44237248.20774075
722,44250027.200677544
724,43632888.97953044
727,44450687.01750826
728,43935538.87521154
730,44826847.4477384
733,43725609.89431012
734,40750422.98888574
736,41953687.23095035
739,41216835.93998263
740,42643239.21248351
742,42595854.372004874
745,42707917.41269011
746,41330715.98198446
748,42530880.96735655
751,41703161.59288239
752,41795935.501543134
754,42245676.75542034
757,42198480.96758237
758,42246930.572910696
760,41703496.09274072
763,42010045.420853384
764,43865677.29587604
766,42533244.81907926
769,42206631.42772665
770,43136058.32993442
772,42134835.15551158
775,42074583.00366559
776,42346673.72113054
778,42785442.66657114
781,42341607.39117793
782,42388405.51731155
784,42707684.94151436
787,43263229.43185117
788,41271590.3246328
790,41814471.483083785
793,42331526.63655678
794,41115741.016371995
796,43865730.598765396
799,42926361.387277365
800,43974977.657551914
802,42546143.67159439
805,43285449.85301836
806,43399113.87085911
808,43340857.662599504
811,44056570.114721216
812,43001875.51346378
814,41241232.38379701
817,41690836.48202234
818,41214493.34428795
820,41372355.28489287
823,41485561.9982207
824,41238173.576620325
826,40364410.528634645
829,41256057.47076523
830,41448240.298027515
832,43792092.00700465
835,43497103.58202181
836,44693390.669827946
838,42835244.2216261
841,44216656.65589162
842,43421271.5196797
844,45453107.97778402
847,44251054.12955491
848,43873163.00508674
850,45092450.89490661
853,44555262.84338429
854,46512154.01651714
856,42736892.36968949
859,43552947.865396954
860,44764963.8326846
862,41754707.52777795
865,41957397.943086356
866,43570785.659927
868,42663630.96142351
871,42037847.380641215
872,42112712.804031104
874,42047165.34887528
877,42738024.185086876
878,45255195.63388867
880,43925970.76088072
883,44970271.05778995
884,45218983.755875
886,44527027.88195187
889,45922006.01661296
890,45043885.37702588
892,45121194.59443786
895,43582229.80875624
896,43286901.86289721
898,44196531.58971247
901,43662066.58184515
902,43158021.13880062
904,43471623.908654965
907,43476122.97955861
908,44541682.375839226
910,42790629.20296666
913,41949243.69473112
914,42412898.921656996
916,42552176.54684343
919,42138198.53440161
920,42873858.64898286
922,41767717.82787118
925,42299517.33977615
926,41981429.573847055
928,42511133.49664991
931,42278513.0576143
932,43045689.835420266
934,40842471.620255016
937,43175986.532275245
938,41838017.74099813
940,41382017.464243
943,42209204.211854205
944,41747309.7113832
946,42360258.99589438
949,41203136.01860467
950,42101200.45860097
952,41474110.10556688
955,41560614.87705692
956,40689091.95284017
958,41511375.20679591
961,41299506.46046776
962,42272822.685587905
964,41391881.77922594
967,42006226.86383888
968,41784426.76749187
970,41085560.320518434
973,42207175.77956563
974,44343977.860217355
976,45458789.757835224
979,46577813.44225292
980,44771323.00090708
982,43916196.710926116
985,45453258.56948967
986,45924901.08280413
988,45515467.17222002
991,43299686.56943381
992,43597805.01069251
994,43788344.88779448
997,43731958.187183894
998,42566643.78820238
1000,44519086.745214716
