,985999531.5957658
1,41364187.6262097
2,41673387.949849755
4,41570444.34282773
7,41734757.314898595
8,41986772.1738744
10,41301519.176774755
13,41420915.4739843
14,42022737.199341595
16,41654280.40843428
19,41928163.18535417
20,41769327.01548457
22,41871482.50896481
25,41954918.513262935
26,41616838.01917443
28,41626017.30854161
31,42647273.68883496
32,41867114.871754654
34,42475050.37303808
37,42665830.708980694
38,42209415.42054131
40,42167147.63563431
43,41079812.66919018
44,42914748.544625916
46,42180701.77781252
49,42677099.8304033
50,42376574.72392871
52,42669591.66585867
55,42568454.42812575
56,42840922.64982589
58,41723634.937783584
61,42299756.978859894
62,43614177.75578025
64,43285455.50682325
67,43369571.84582613
68,42208423.737927355
70,44138538.18844332
73,44212947.79408698
74,44319310.388159625
76,43240677.29025445
79,42983960.56497883
80,43490382.28482569
82,43809550.74733101
85,43294870.98819664
86,43672237.040272176
88,43447372.99697585
91,43318077.51938127
92,43359923.226842
94,41709418.07894278
97,41822364.96828093
98,41854827.321728945
100,41869955.46730381
103,42776693.36184969
104,41978832.21826355
106,42105726.5101705
109,42603026.916167855
110,41859641.30311037
112,41674748.12895175
115,42220495.84414475
116,41699675.9445889
118,41819777.9125497
121,41288796.4405277
122,42653547.326619454
124,42612960.99857994
127,43417035.007555634
128,43282632.55778298
130,42484517.644914016
133,44139634.01504772
134,42422153.446363635
136,43768806.56587521
139,43040305.863151304
140,43206099.278493285
142,43609037.36807697
145,43526957.609945476
146,43129147.595454305
148,42788044.497875035
151,42882622.943376906
152,43623676.65027334
154,43286662.99187205
157,43950217.68133253
158,42714564.21912042
160,42781409.64363288
163,42352008.74211678
164,42759465.00997698
166,42592068.49554907
169,42547978.35616387
170,43116218.6058087
172,43498393.45137755
175,43044675.130388945
176,42377854.30735468
178,42956820.65714358
181,42133450.00615539
182,42619758.47421981
184,43567262.15761281
187,43481647.92914754
188,43194768.57889633
190,43510780.451501384
193,43103260.535161294
194,43212932.92533718
196,43632060.21209743
199,42976638.880232185
200,43045602.835963205
202,43067869.06991329
205,42750630.27356688
206,43346733.349611394
208,42777770.713244565
211,42872308.22704521
212,42820497.367664814
214,43447491.16952368
217,42604923.750123285
218,42972986.0038005
220,43495263.39112781
223,49827630.84436907
224,50358335.25876336
226,49196559.42870732
229,49910257.5128796
230,49793753.84615843
232,49905852.36755404
235,49809528.28588358
236,48560107.99302379
238,49814899.30854452
241,50098840.631590016
242,50154449.87320871
244,49733049.02923471
247,49089062.35374794
248,49695273.883924045
250,48563184.37968184
253,49845309.12418946
254,41842576.445593946
256,41508377.200480126
259,41475635.85230868
260,41923541.41349859
262,41610333.51413219
265,42128235.563858144
266,41369631.4510842
268,41717928.82546818
271,42361967.78203704
272,41823310.83818435
274,41355344.59104413
277,41512505.896369845
278,41608308.46639257
280,41921260.47719505
283,42086571.02838837
284,41831024.89936933
286,42729414.047660924
289,44115891.60226318
290,43535282.32956241
292,44049433.285465166
295,42810441.09196507
296,42745252.54823962
298,42908926.645082526
301,43207154.2882523
302,42659218.84468581
304,43105684.46447734
307,42500893.55561538
308,43089337.322651796
310,43364536.44901317
313,42964873.25473638
314,42680783.056104675
316,43351921.57674138
319,40385947.58980898
320,38887070.40157908
322,38735585.75454992
325,38992973.81386147
326,40396911.21365331
328,38961793.39224199
331,40122172.014498256
332,39877451.765099175
334,39547642.95126198
337,39430308.14290579
338,39063938.85513029
340,38457614.630429216
343,41103799.95859098
344,38472385.72264041
346,39860457.03704528
349,39465967.78010886
350,42408004.68644758
352,42494178.968173966
355,41898800.36092521
356,42781027.64998728
358,41925298.7702476
361,42161893.771861546
362,42101090.307503246
364,42524417.894911356
367,42101880.51412524
368,41577325.86550235
370,42512111.855068505
373,42078735.36270082
374,43193581.6979505
376,41955528.494395904
379,42935111.27167465
380,42198327.45930168
382,46044328.24936777
385,45096490.559352465
386,45469372.47464404
388,44806358.83451921
391,44668233.32030425
392,46102538.25486004
394,44947507.08233432
397,44728622.44547525
398,45003747.3684411
400,45825802.24186961
403,46144008.25355803
404,45457296.03374871
406,45532895.634136975
409,45006564.08961389
410,45236493.91967173
412,45459875.49718024
415,50877282.44271823
416,51302992.3359204
418,51296262.99206788
421,50857171.99414528
422,50445502.28114143
424,51219783.74219966
427,50813836.67894305
428,51015179.78621422
430,50624779.83911345
433,51276494.18799108
434,51055964.993192896
436,51085405.26565478
439,51135610.80211142
440,50853230.947532035
442,50587411.36555574
445,51513811.7232195
446,43134920.31379085
448,42132103.010848165
451,42939236.67147069
452,42204808.05168953
454,41488265.89803082
457,42293497.30955437
458,42651703.59587046
460,41982215.634116195
463,42635268.19834419
464,43558757.26792726
466,42932968.47772197
469,42159314.52732433
470,42478140.38309658
472,42304863.959359616
475,42823048.43478576
476,41710902.62704446
478,40514417.98813512
481,40815477.90693883
482,39668516.82863226
484,40258312.504335776
487,40242913.74259404
488,41026973.55369947
490,40230392.18931183
493,40501727.4827117
494,39776634.78496267
496,41363803.78691773
499,40414559.556567565
500,40506231.77517674
502,40528438.76997063
505,39763139.65245298
506,40552424.22799437
508,39499804.32680912
511,47094126.418929376
512,47327568.083589025
514,46154023.25246361
517,46203312.126110815
518,46868732.406969815
520,47976399.27942715
523,46475785.41261694
524,46643068.36106145
526,46242707.12948655
529,47024734.84174172
530,46416844.969796635
532,47949374.21466767
535,47174253.05448223
536,46783612.69934867
538,47084362.69737427
541,46383252.12172533
542,42831091.680975094
544,42845700.961000025
547,41839431.78352069
548,41927214.38347237
550,42084734.676597364
553,42273486.34400725
554,42168674.06602775
556,41648432.1708185
559,42465866.75526741
560,42363635.96385308
562,41727003.69408304
565,41425975.79496131
566,42238441.02539601
568,41453650.18977669
571,43156959.86486374
572,42472232.904559694
574,42928142.463085845
577,42359007.50173729
578,42574334.02315788
580,43513648.30065316
583,42788183.218577474
584,42494663.937670045
586,42654661.5455435
589,42965530.831469476
590,42810982.132507436
592,42972082.12381327
595,42968496.44205256
596,42847568.14786701
598,43307828.37441548
601,43317736.608617954
602,42436211.24365737
604,43614695.25465867
607,43682464.98573149
608,43003544.89661373
610,42779469.638378836
613,42458902.94694107
614,42395647.299216345
616,42640020.97261068
619,43628344.78316006
620,43785823.77856289
622,42844064.83359719
625,43491607.50843129
626,42898898.409175195
628,42710550.84412892
631,42953454.970964365
632,42810389.725483954
634,42344555.96649079
637,42700597.22092401
638,41498565.772178225
640,41596124.214863636
643,41766005.27663001
644,41691841.29085304
646,42887241.59311218
649,41138785.383422725
650,42751800.512422845
652,41869418.35526556
655,41131431.24174304
656,41309860.99842625
658,41514574.86340634
661,41782013.08000934
662,42030111.07770093
664,41156132.960244596
667,41525934.039844744
668,41563848.37761753
670,42665274.90508727
673,42722125.74923212
674,42317244.12252579
676,42335188.24995047
679,42868044.03631457
680,42466574.954773314
682,42967316.4355305
685,42527807.09703021
686,42687219.84773634
688,42544914.41485347
691,42976060.58824146
692,42976726.89270965
694,42556664.7413942
697,43226011.70397363
698,42612571.71984779
700,42242762.452270396
703,45952500.44170416
704,45658249.98152962
706,45923018.67851471
709,45554893.22020762
710,45739764.21312214
712,45655470.70353078
715,45025587.16756173
716,45861404.36331886
718,45168035.12842394
721,45465102.878868155
722,46182071.64600317
724,45360177.23820874
727,45260402.12343665
728,45428385.0404273
730,46215159.11798037
733,45503488.25595981
734,41699222.031333946
736,41149365.08588459
739,41738030.55930741
740,42763057.866501555
742,42371162.95028975
745,42247862.28982528
746,41232623.12192116
748,41891940.28686234
751,41793537.992871135
752,42240390.07042334
754,41664711.481613785
757,42169309.2321364
758,41788616.32700601
760,42221378.42513374
763,42060030.48103187
764,42107069.68554707
766,42061775.86088566
769,41605188.38147775
770,42236078.031344265
772,42241556.81992087
775,41205207.744215496
776,41051798.14089001
778,41185935.7083737
781,40927166.55470825
782,41107992.03173319
784,42088860.4495369
787,41748906.756963834
788,41683955.04810124
790,41439020.81325314
793,41410303.850111715
794,40716471.09822917
796,41168031.82536648
799,38785873.87566865
800,38937142.63592493
802,38405028.37430875
805,39091439.57240355
806,38712997.60794811
808,38634139.54232492
811,38706326.284663305
812,38601651.95947026
814,38691098.816567
817,38514031.69498468
818,37999078.24728005
820,38714290.72600187
823,39116248.61209821
824,38654833.89106116
826,38896393.51739353
829,38656372.005862646
830,43419448.85735248
832,43013477.82780599
835,44104552.48877642
836,44305235.32058535
838,43248674.3904306
841,43064395.48812268
842,42717029.995769404
844,42751848.11075215
847,44075892.162844844
848,44485025.99719948
850,44264318.81157044
853,42933476.1838233
854,44003831.688697
856,44399588.178175054
859,43920835.24011531
860,43351494.30490368
862,41382379.54704005
865,41377759.961528584
866,40740373.26220072
868,41443160.153256774
871,40331165.92369095
872,40594909.35435564
874,39578437.75521167
877,41574650.05405878
878,40940815.62065605
880,40235558.13908401
883,40643948.28487783
884,41406004.16182277
886,40755745.83555334
889,40267953.473158024
890,40632308.56685384
892,40809132.200257294
895,41803939.40073683
896,41909305.640933074
898,41852610.27282796
901,42480900.03344299
902,41684296.62043522
904,42416901.39399961
907,41233886.99975065
908,42752922.648714595
910,42207617.33095178
913,42036209.40338731
914,42329949.300106525
916,42113610.32845378
919,42229436.38033221
920,41609381.968619175
922,42985185.45331869
925,41887719.43907905
926,43320927.209290355
928,42734582.57621087
931,42778581.366369
932,43162898.22761313
934,43369152.06519513
937,43412868.18033593
938,43050782.616713695
940,42399327.33346811
943,43324233.406425156
944,42795252.97170528
946,43151816.18514771
949,42150028.634087294
950,42312361.361864276
952,41346374.98972285
955,43743388.54995307
956,42393032.23716942
958,43054686.594218455
961,42252406.36400465
962,43056541.07425119
964,42462894.59970699
967,42814478.45035877
968,41976110.01335244
970,42988849.02247109
973,42164829.164844096
974,43640176.00666673
976,42761529.99339689
979,43159967.86816099
980,42259038.23801607
982,41918237.91390586
985,42514513.555290736
986,42494706.89869085
988,42147913.612291805
991,43595768.06058729
992,43914953.90979918
994,42873779.076742
997,42399680.140142955
998,43461002.892924316
1000,43627483.90131124
