,1021022101.999888
1,42989608.25618254
2,43085808.02765129
4,42940757.48759327
7,42939767.17490459
8,43957557.47747777
10,42914369.30952989
13,42705622.8025791
14,44511311.403398305
16,43807862.55985061
19,44041109.71091926
20,43385977.89713829
22,43923001.45347188
25,43508648.44441205
26,44311093.51299069
28,43489720.96228825
31,41986877.02913224
32,42042424.64818101
34,42558805.1487163
37,42807785.35750661
38,43965042.566567235
40,42966971.44091532
43,42003897.890460685
44,42041521.15869242
46,42118417.53538484
49,42961732.36455112
50,42188003.32510928
52,41991018.637680195
55,41711224.91567297
56,42951103.45377771
58,42173636.23540563
61,42699809.59219279
62,42933624.34420441
64,43832806.57476232
67,43617066.533852085
68,42931075.679424345
70,43358742.87849706
73,43602574.0224273
74,43697395.41923241
76,44713890.88675892
79,43330523.3690071
80,43785949.757166356
82,44846465.44240834
85,43766001.24098623
86,44819980.0798673
88,44655502.64100819
91,43372571.10354374
92,42380700.36267723
94,40732995.53418677
97,40645788.815476134
98,40263721.93893607
100,40911963.57034714
103,40614109.12434399
104,41991840.57603198
106,40835464.38334443
109,40257732.98350744
110,44306168.08302346
112,44766026.05159328
115,44041101.75663729
116,44277675.27013824
118,43837286.21562417
121,43413988.92996758
122,44230017.662871815
124,44280183.38123347
127,43599828.63637944
128,42953324.64672094
130,43674790.59470871
133,44358036.29961831
134,43747366.42980286
136,43782286.69897903
139,43778743.43806494
140,43402237.43666754
142,41173720.39014267
145,41171154.8471206
146,42301770.038966015
148,40568850.457844056
151,41295063.77921577
152,40658109.43290665
154,41279700.78629655
157,42287398.71108408
158,43076491.84869794
160,43089122.39754377
163,43055995.944930136
164,43455875.88815895
166,43078171.35465067
169,43096601.319739945
170,43272897.07877922
172,43369333.06510364
175,41331301.51350752
176,41207994.663370915
178,40928535.74821602
181,42316769.535360016
182,40806443.16403353
184,42401722.413458034
187,40343634.30518039
188,41900833.824334
190,46019041.49422403
193,45495404.50040159
194,45133602.11728779
196,45661229.52117785
199,45523205.78616173
200,45711915.84631638
202,44532414.57163002
205,45717503.03193458
206,44827748.65810775
208,43587214.23105006
211,45394719.94302399
212,44843299.435008116
214,44655628.12081192
217,44493738.0041859
218,45378497.00470221
220,43460167.55010573
223,47193112.649786934
224,48047686.63090863
226,47123589.834613666
229,47472298.2140859
230,47544764.21074303
232,47613474.97959845
235,48672947.773789965
236,47283862.56845405
238,43246890.56580694
241,43806255.916852206
242,42650121.04945181
244,44344661.841196194
247,43994378.893508665
248,43763492.28281569
250,42209841.48268347
253,44715448.836114004
254,39337995.93214604
256,38964421.60011698
259,38970315.38852222
260,39229883.699313246
262,40035273.82473311
265,40274649.11169935
266,41085368.87921225
268,40100364.95550918
271,45724785.20689974
272,47469323.06704154
274,47061725.654926986
277,47624227.00950585
278,47272624.91370367
280,46727164.23946543
283,47008164.03699144
284,46435982.27980785
286,43650951.66569004
289,44545454.85461351
290,44763998.342929676
292,46264927.28404648
295,45229467.79924847
296,44340575.48240682
298,44106774.72996201
301,46033650.97324282
302,40890481.68816432
304,41603621.714114524
307,40982322.67130089
308,41070399.178813264
310,41416772.01992548
313,40851218.90181436
314,40559124.35286718
316,40987663.0857211
319,43138772.4579309
320,41449919.88490622
322,41426515.555470936
325,41512503.46497415
326,41734478.243249916
328,40993946.47852927
331,41250974.42537441
332,40563979.76459928
334,43937365.61512091
337,44983329.67017734
338,44307640.00984815
340,43233718.50016211
343,45030670.1496093
344,44462822.89686981
346,45264250.67185731
349,43847662.010947675
350,45901155.47802102
352,45672845.14837354
355,44560108.48315023
356,45177941.0661911
358,44781243.75765434
361,44848149.854817666
362,44268824.1075388
364,45408072.73582984
367,43228710.14953696
368,43327777.37211178
370,43069837.15286956
373,42463006.611095235
374,42839455.61655934
376,41471165.45458784
379,42602869.58768299
380,43027154.0722291
382,46982574.19388976
385,46421205.789398365
386,46742736.71872204
388,46133282.931319095
391,45448727.48570777
392,47180413.859785244
394,46213274.553327456
397,46162640.530691564
398,43775328.65748211
400,43360581.03183806
403,43630454.794052586
404,43317788.39492633
406,44968214.68884796
409,42373377.52397543
410,43253913.00761331
412,42389084.56207398
415,44016410.05918813
416,44540866.74294193
418,43963219.37867032
421,43932947.48975372
422,41835059.724513635
424,43567618.55610246
427,42528731.83324085
428,43497324.70081022
430,45321731.45162625
433,45160646.810819
434,44850021.61665914
436,45133350.88392143
439,44527298.545602754
440,45563194.818461955
442,45197105.242244795
445,45897406.770831645
446,44449701.20610157
448,45087450.69092289
451,43291998.309460975
452,44937706.481534675
454,43742241.554957
457,44396021.866523944
458,43023104.3094268
460,41857877.38409121
463,46092465.976956844
464,45749919.71222317
466,45493920.039845005
469,45778954.18032766
470,45496771.09694972
472,45527740.5571533
475,44989874.20096587
476,44826352.952896535
478,43468993.01073689
481,42363080.89046005
482,42127349.65788792
484,42581781.3285218
487,42407276.27636367
488,42615391.964288436
490,42988575.41683068
493,42858693.56250913
494,48065907.7773666
496,49992331.86480327
499,49288391.288487464
500,49348047.04482743
502,48884197.34983194
505,48769050.15522049
506,49251325.3662448
508,49796572.439351305
511,39931854.86434144
512,41197018.82009221
514,38946693.26029433
517,39975589.87597282
518,39861841.121226326
520,40757068.02123069
523,39511041.36491411
524,41742611.81199303
526,47890971.52658502
529,45954290.8103583
530,46090302.27753176
532,44235326.827956155
535,46110855.496258266
536,45685798.4470083
538,45510770.43143138
541,45905409.01924325
542,43469548.308322
544,43457311.85791721
547,43289302.26608521
548,42109538.103677735
550,43639545.10641402
553,43296900.43477569
554,42790012.7334009
556,42552133.05440427
559,43885529.19195845
560,45927455.81821094
562,43893517.229664475
565,44731176.23807665
566,44395829.77988077
568,44692454.41450415
571,46341286.93561336
572,45172512.506294586
574,43633331.324404635
577,43638768.45939583
578,43616170.387002915
580,43658312.43189123
583,43100060.19829533
584,43935924.11585694
586,43453197.38989535
589,43313457.30104209
590,42712620.820248194
592,42823843.2518759
595,43059311.457853094
596,42308553.935371004
598,43018058.35033076
601,42950015.63849764
602,42335829.04250616
604,43653476.87153311
607,45563967.02950356
608,42940708.861630574
610,43300776.7454067
613,43836491.51464705
614,43974211.40109653
616,44802141.774981976
619,44244080.15909567
620,44324136.73654817
622,44007007.918702826
625,44181738.72619493
626,45270692.26858697
628,44148506.97586182
631,43608881.40917858
632,43498239.67877549
634,43791021.10918612
637,44151910.13199499
638,44618493.08043114
640,43544347.79202338
643,44441914.98173164
644,42941405.35887499
646,45801052.42514101
649,42402794.391294405
650,43783093.53397183
652,43654764.760004014
655,44197303.00012228
656,44621794.71439491
658,44122956.1400722
661,45239880.71285506
662,44749072.529398374
664,44124456.6564123
667,42900906.56140188
668,44038543.69176201
670,44245892.68838
673,45277024.204132594
674,44766207.49480922
676,42822849.62414602
679,44372644.433369614
680,44300492.61776919
682,44153169.75654976
685,44659774.24555794
686,45970136.78168816
688,47054374.681365155
691,46771567.90794028
692,46448646.64735368
694,44737470.138628125
697,46685568.74326141
698,47168832.94656886
700,46349997.52966574
703,45360798.689382605
704,44963852.72525863
706,44894055.39989454
709,44536479.28202106
710,44596544.33999078
712,43925739.375240676
715,45249556.71520871
716,45883632.9787086
718,40637694.77260113
721,41182190.56549363
722,41200654.420106955
724,40644528.19990218
727,41456772.23215492
728,40615857.414668776
730,41489969.07417691
733,40580202.998743735
734,43838650.077013806
736,44429277.211487286
739,44735485.736219734
740,46826805.506811544
742,45088979.1759001
745,45786992.5597489
746,43909504.677178316
748,44343348.70375419
751,42284493.21636326
752,42415924.04779977
754,42401640.70593613
757,43031387.93802429
758,42313885.101924434
760,43555850.07107088
763,42981267.72591329
764,43194445.09223322
766,45679730.685224876
769,45139551.832206026
770,45677681.22234866
772,46331798.559508055
775,44848004.80965826
776,43608022.952842146
778,44749479.215204164
781,44774540.17279283
782,40650662.96375605
784,42331085.76075998
787,40604891.917327546
788,41053075.013571635
790,40730036.80772715
793,41227304.70792679
794,38818688.5954678
796,39649519.56795465
799,41736532.73307786
800,42138205.738273524
802,42741138.33176266
805,42413560.88041618
806,40380246.252766386
808,42974783.28225234
811,41111575.617192276
812,41954524.655256346
814,45699024.28411839
817,45269335.80715269
818,44965806.098705105
820,42871198.75582478
823,43219284.509296104
824,46114254.14119523
826,45033161.37567207
829,44662954.970415905
830,44123684.04784451
832,43881265.421328306
835,43645849.818000056
836,43975700.08592741
838,43085863.72271722
841,43210600.37052615
842,43487337.857375406
844,43792866.99874884
847,46261967.15922221
848,46309449.33855807
850,45074057.25634867
853,44594830.45256052
854,45521552.07007901
856,46788388.85208608
859,46094146.866726555
860,45845647.498317584
862,41726275.08541563
865,42473302.13188656
866,41829147.35130687
868,42415127.186041206
871,41108693.255902044
872,41715277.16011911
874,41132466.558188565
877,41717335.29042817
878,43407024.72044278
880,44403753.63471345
883,43632169.70174799
884,45344383.99928435
886,44387514.34555923
889,44185134.78131512
890,43400192.943132356
892,44825577.967449196
895,45377804.186180875
896,45718108.869371146
898,45792574.23295361
901,45433818.49055791
902,44960656.69739874
904,47059951.21402448
907,43904666.44161682
908,46213899.326820016
910,42566527.45103614
913,42760042.63952703
914,44869444.259894796
916,43316933.975570746
919,43563959.27081456
920,40603430.80573337
922,44716963.7724883
925,43297591.96704477
926,45887233.25303119
928,43191206.89892376
931,45272148.28931593
932,44839846.98775269
934,44471354.198677845
937,45457014.86651295
938,45384694.80128549
940,44262963.193911485
943,41716385.814013794
944,41973568.408425555
946,41757978.7833796
949,40812017.07624623
950,40295855.72288409
952,40159098.86155209
955,41455157.237630755
956,40766256.676369466
958,44847351.52530666
961,44515337.30502873
962,44045683.897315904
964,43855006.3749749
967,43998888.45029263
968,43008456.54106832
970,45146853.99383238
973,45348800.15736321
974,45069818.90938636
976,44075734.25761638
979,45773262.73905941
980,43536426.54187335
982,44253719.63000522
985,44170127.91639505
986,45138778.04876398
988,44091044.08094636
991,45513306.91474799
992,46501051.58927544
994,45054584.972470604
997,43804622.77183951
998,45460762.21487845
1000,45797672.40049434
