,983856624.3319098
1,41395521.79636357
2,41671098.31433828
4,41487070.66464986
7,41710749.5169218
8,41836800.07454624
10,41413066.31671916
13,41308684.405412704
14,41736365.52812073
16,41478534.72819836
19,41653555.809199534
20,41655305.74304102
22,41721879.98299002
25,41725860.2582474
26,41794117.26263189
28,41457450.67647323
31,42497355.79953135
32,42101903.394612245
34,42386564.364766926
37,42768477.35374238
38,42892045.056652136
40,42634049.55411697
43,42390508.43022983
44,42900873.214503326
46,41473001.253578074
49,41938558.041594125
50,42855845.627798654
52,42398574.45713115
55,43191232.177626364
56,42317962.048475675
58,42012810.86862854
61,42749944.04462201
62,41540928.05977264
64,41561695.03845174
67,41302144.72006145
68,40942983.88526504
70,41850727.16305993
73,42231894.554368496
74,41764490.41474879
76,41783913.26966759
79,40784426.80311238
80,41339205.49678699
82,41948141.06818244
85,41395434.96830855
86,40891847.2047169
88,40997526.26114319
91,41895041.82746977
92,41666263.6129882
94,41860454.73553995
97,41894406.72970331
98,42339299.91530406
100,42157021.68889994
103,43640583.399499565
104,42165442.30488226
106,42517794.882965036
109,43187872.678999685
110,42881928.67912898
112,42374673.71010362
115,42937044.26124958
116,42028193.771806136
118,42652270.12483821
121,42263949.17726906
122,43134539.638306625
124,42540840.38749263
127,42667096.79718747
128,43922460.3075884
130,43134367.79214363
133,43320977.56868556
134,42334225.29496691
136,43506832.994676605
139,43855963.626160264
140,43785715.784288906
142,42900064.780925505
145,42731534.23187351
146,43198751.53675548
148,42852702.43217943
151,42771452.29498898
152,42649706.026595056
154,42726284.0823901
157,42824371.59021928
158,42165800.514088616
160,41225310.00337955
163,42364154.39891018
164,42533771.06701442
166,42635014.56796985
169,42306164.02031339
170,42393912.01432354
172,43523235.52204421
175,42622225.75229829
176,43039631.4286537
178,43175585.253321916
181,42960594.92494562
182,43127569.376372375
184,42179286.647504844
187,42832670.22705496
188,42255332.87699548
190,42433098.25914514
193,41717683.297455095
194,42485499.033747196
196,42245708.02859368
199,42180612.68711009
200,41707293.946617715
202,42643298.89208988
205,42158944.79442388
206,42182885.56753877
208,42545940.18334026
211,41957544.30143521
212,42005985.82868343
214,42357522.74045581
217,41490898.68114723
218,41261229.34570849
220,42577562.10707547
223,50973974.93213967
224,51521657.10835394
226,51485297.826727934
229,51321448.66492098
230,51288992.081874855
232,51772314.36974436
235,51172678.07996966
236,51906550.21684669
238,52331651.56869808
241,51204865.12281016
242,51243889.86607594
244,52003945.47464885
247,51809852.529810905
248,52134035.765136264
250,51692587.51265155
253,51212608.782413274
254,41534963.63348168
256,40931857.52945641
259,41428677.68710356
260,41690981.32512599
262,41503502.81551814
265,42069467.94142934
266,41474801.08214612
268,41123314.29501316
271,41332254.94062621
272,41361421.50584346
274,41813987.055710554
277,41816033.11094339
278,41956165.42527959
280,41283135.20398982
283,41917475.322657146
284,41128787.35996519
286,41347365.15167917
289,41022389.03789977
290,41394949.22009313
292,41742818.0610703
295,40629241.83645929
296,41232493.411928855
298,41035954.74311057
301,41555026.08359287
302,40221864.17933809
304,41270671.818302564
307,41388573.94642684
308,40901839.4604197
310,41847702.24280385
313,41281299.22683253
314,40261422.64146123
316,41670374.16418951
319,44833528.56089269
320,43439605.25284997
322,43033896.68208309
325,43140920.41177481
326,43932025.84189638
328,43571553.96890601
331,43843362.40307755
332,43086489.2119842
334,43373306.40279531
337,44055117.44020638
338,44011891.724405624
340,43648249.33826103
343,44482009.56661445
344,43916527.612107806
346,44587151.31479356
349,43902867.386137515
350,42536928.52251293
352,42879691.448908426
355,42572570.89581582
356,42832981.728568435
358,42569653.13646151
361,42837525.0685218
362,41856546.30321217
364,42584434.95243271
367,42533868.68049184
368,42586575.29503883
370,43181627.169356085
373,42958156.74010555
374,43161999.99203766
376,42155855.75662289
379,43313228.413278066
380,42903255.15932039
382,46058097.61661928
385,45540026.880999684
386,45536244.25392566
388,45759385.57462128
391,45471348.39418362
392,45308361.29860173
394,46627922.55427462
397,45449416.892846294
398,45836055.05609054
400,45850813.735886306
403,45964563.56267196
404,45342110.0897927
406,46267752.700924926
409,45167391.13981995
410,45322250.33274446
412,45284052.432106845
415,39858418.957444325
416,39834036.34318137
418,40119556.33481204
421,40012958.99909017
422,40034918.32936162
424,40316535.685236834
427,40340171.0490171
428,40021688.587094985
430,40101687.45423616
433,40210923.35474444
434,40247854.99380279
436,40047490.089262374
439,40359375.90466952
440,40317821.95362401
442,40187778.21280968
445,40349362.983416826
446,41317524.7338667
448,40452228.75855377
451,41209955.70652722
452,39845828.294221
454,40944315.13358257
457,41092532.227922656
458,40667995.820887856
460,40656515.72971804
463,40502098.65770092
464,41441336.07134942
466,40801946.56460168
469,40688759.73551219
470,40935514.198208556
472,40807452.45059887
475,40829168.460574254
476,40415676.24034408
478,45118048.76232715
481,45455074.13095088
482,44827919.86219509
484,45229259.259406745
487,45307433.00902078
488,44963947.14383205
490,44789143.474764526
493,45636596.58976065
494,45128122.01923403
496,44791851.55768781
499,44688848.432532
500,45375528.75242039
502,44987090.26815791
505,44997283.54963089
506,44953511.793698564
508,45662357.28507405
511,41346816.62805992
512,40966814.799271196
514,42248907.48798504
517,41928205.123094626
518,40777266.98817781
520,42215202.1565149
523,41252212.19392348
524,42064862.38023391
526,41649292.39120212
529,40965982.25787426
530,40988477.82408018
532,41659716.70963832
535,41807594.47974344
536,40895704.90686401
538,41812775.67212951
541,40903965.62494618
542,42807451.235358864
544,42368138.84821756
547,41543229.694735356
548,41800031.26171913
550,41967680.3122208
553,42365710.88040122
554,42155245.22945102
556,41384961.846090764
559,42830296.57975609
560,42788565.16325557
562,41835628.81651259
565,41900348.11408476
566,42550171.81529882
568,41683346.28489621
571,43239046.48286048
572,42629986.22457335
574,43287691.94063901
577,43539954.66429115
578,43970229.360845715
580,44288620.30870793
583,44832783.01504252
584,44240272.80278198
586,43915139.94662597
589,44218322.26107063
590,43448342.03676435
592,43837293.2088562
595,43226629.77949108
596,43407914.796486005
598,43248416.88165149
601,43693637.90254586
602,44221707.864120305
604,43917285.42468014
607,41202883.65911566
608,41677765.30554005
610,41329579.03285178
613,40270077.322881065
614,40278374.421903
616,40579702.812881015
619,41629055.43494738
620,41508145.616350986
622,40522773.20536385
625,41610521.79400058
626,40749719.51978709
628,41327630.58580049
631,41488815.4909952
632,41394400.69563468
634,40798843.33994392
637,40821291.585041456
638,41107590.54911223
640,41631612.514402606
643,41264513.6351977
644,41677493.17014946
646,41772327.137064226
649,41433521.59489385
650,41530542.481613494
652,41648378.340323396
655,41294278.24945538
656,41440244.97175351
658,41163981.579126164
661,40682607.089472316
662,41256092.424400315
664,41062767.298563235
667,41023638.42255127
668,41051550.655892804
670,43541693.41650811
673,42911161.114647865
674,42767437.271672286
676,42847282.44037714
679,43869363.86609356
680,43273053.26609763
682,43153042.16571231
685,42893246.07956515
686,43217078.29162909
688,42522239.63448987
691,43887251.56367513
692,43732865.04086735
694,42550639.88825274
697,43448465.9381131
698,42933586.88543767
700,42888451.70740433
703,41539969.065407425
704,41479418.6916455
706,41847893.71420301
709,41408421.64297223
710,41480303.742622174
712,41533187.53053952
715,41045476.14891272
716,41601760.50137681
718,41006762.10757049
721,41771624.899957076
722,41206467.971424624
724,41516187.33392229
727,41333217.129841045
728,41206745.92125135
730,42154614.83265347
733,41579595.216727674
734,41372009.59058918
736,41714646.16392193
739,41245455.632569574
740,41567215.393982366
742,42253474.55681773
745,42250891.627490886
746,41488361.37660459
748,41528300.949384056
751,41582132.0445719
752,41947862.27304509
754,41086128.6799418
757,42537822.06088317
758,41357522.671782136
760,41211453.63805627
763,40629014.19700013
764,43187995.20714835
766,43492549.702047266
769,43637819.00566322
770,44277670.482588105
772,44107675.54098885
775,43406282.71350003
776,43152698.87770784
778,42648681.25223276
781,43384194.6136153
782,42843433.12719898
784,44512179.88869708
787,44346423.23789457
788,43134499.8610185
790,43442503.14590966
793,43163160.67960845
794,42363115.98761801
796,43122714.7294375
799,49123803.80428255
800,49865388.66109242
802,49890473.480331525
805,49090437.42539979
806,49312676.006294236
808,50100921.37965671
811,49484042.403929815
812,50111255.706059866
814,49031291.74037819
817,49439125.60908296
818,49173137.957450315
820,49466655.988216415
823,49385925.7396282
824,49316532.71258413
826,48671545.182252005
829,49536044.020037755
830,41695112.631920785
832,40925014.977834664
835,41155186.793577395
836,41542390.162064224
838,41515315.96585735
841,41835616.03223131
842,41612966.484174594
844,42624351.205435544
847,41529064.23349586
848,40563787.57147877
850,40951294.46577509
853,41695821.62032413
854,41516076.90656013
856,41797564.85329602
859,41236911.79491756
860,40824832.642385356
862,41438404.42488142
865,40822759.79814214
866,41635493.15195106
868,41997023.79150111
871,41493960.605319485
872,41585619.459719464
874,41489706.56606814
877,40987993.41703329
878,40849950.40469994
880,40698460.096236445
883,41674938.70880192
884,41494426.171688
886,41243731.65135778
889,41591164.613300495
890,41468359.70340477
892,41483340.28377934
895,43272430.687145844
896,42046175.180582836
898,42837384.22091094
901,43251748.26627774
902,43643908.62584876
904,43131329.96814432
907,42905482.28086867
908,43248136.220791854
910,43330317.40086796
913,42966251.35704709
914,42491320.26652847
916,42768783.595815405
919,43511485.24991105
920,43398744.506593935
922,43662247.8767045
925,43985039.4696913
926,43386186.242075585
928,43125565.89758529
931,43045139.173398934
932,42466913.453550905
934,42466282.145443454
937,43282487.766933724
938,42135651.44661752
940,42368827.75326823
943,42353772.5664924
944,43256874.85388594
946,43313948.34282437
949,43105651.392617054
950,42298985.415157616
952,41838393.11729501
955,42586957.98981446
956,41919422.613543466
958,43197420.84681066
961,42997673.822681576
962,44391834.91191645
964,43403690.41429213
967,42509064.72393026
968,42854195.94090708
970,43638592.91113391
973,43902732.727494806
974,42900919.96592252
976,43209204.52995942
979,43174038.59332058
980,43026876.54957695
982,41813617.21388412
985,43033757.35335146
986,42809990.55711772
988,43175058.09491244
991,41288818.44476362
992,43422837.07193198
994,41781392.61332532
997,43319406.40061906
998,41715066.20650519
1000,42433394.83583434
