,967392331.2893746
1,40787652.07942364
2,41536606.58861005
4,40868979.27059782
7,41028238.628068864
8,41504322.12253739
10,40841102.453239605
13,40834704.76182674
14,41357511.05938759
16,41283468.489222124
19,40874737.76366672
20,40989957.23077734
22,41459595.894140616
25,41316953.22718201
26,41347791.14931152
28,41566590.582132064
31,40884083.49713343
32,40611261.97916275
34,41232666.04561412
37,40858378.96503481
38,41420436.53597806
40,41193709.36160047
43,40709672.96233851
44,41229909.87883492
46,40800961.08624725
49,41269722.24764173
50,41110038.75012685
52,41212267.48222675
55,41458070.57403369
56,41316340.52604401
58,40880766.38673806
61,40948838.89081174
62,40597041.30202428
64,40949848.10973012
67,40641554.85856943
68,41246408.8570792
70,41188383.91473161
73,41306626.46815758
74,40956335.011417404
76,41311071.59114449
79,41042236.23964972
80,41201480.94724257
82,41369038.46906569
85,41101449.753925554
86,40960843.39847822
88,41183620.47290304
91,41215493.277021185
92,40731287.490653336
94,40940860.51003656
97,41341226.03479404
98,40826938.8172375
100,41144915.979380555
103,40812160.80801251
104,40779306.76626759
106,41143030.00667805
109,41177947.44032987
110,41172089.986641556
112,40798732.35999396
115,41387753.67873495
116,41129900.650472
118,40919777.52377216
121,40469391.84190102
122,41603916.398643255
124,41219083.16197389
127,40644639.921982296
128,40900290.98648166
130,40630775.33241632
133,41052308.407381415
134,40689951.61589651
136,41277710.19760865
139,41307349.086824246
140,41158753.93666375
142,41243502.67952568
145,40933352.20650467
146,41383041.3409692
148,40198186.95736252
151,40823830.69965795
152,41170289.59522991
154,40900315.843584344
157,41042795.18065307
158,41221583.86840383
160,41395522.50091131
163,41103814.90873304
164,41081323.991646774
166,41120303.106675364
169,41086948.92583743
170,41214420.84515439
172,41280796.43330683
175,41222973.3821413
176,41661021.61765035
178,41487852.35884754
181,41354774.17749754
182,40822464.8080993
184,40800710.22148359
187,40699082.66963535
188,41101531.30141276
190,41063990.545843825
193,41083950.47516537
194,41271250.69233445
196,40891621.27274
199,40889418.62849485
200,40849200.95910978
202,41022815.36666592
205,41237385.9478641
206,41043523.660979696
208,41299337.96873873
211,41054523.835413694
212,40730019.161016054
214,41075095.850520894
217,40858025.27656832
218,41052212.241306044
220,41053977.11298254
223,40999377.038494036
224,41196630.982471
226,40911011.76666767
229,40907038.58174715
230,41253799.70953402
232,40939037.11218626
235,41462242.191439636
236,41256040.2233262
238,41505620.198192276
241,41740382.12839489
242,40980610.81698629
244,41310935.689451374
247,41492757.207791075
248,41000842.981376044
250,40981077.77887532
253,39397606.489539854
254,39969209.28426315
256,39253609.7087309
259,39448555.316777326
260,39869884.34222217
262,39977248.86644351
265,39823805.29233743
266,39352673.08449308
268,39913512.66795089
271,39857324.38573565
272,39896798.2174716
274,39651735.54031423
277,39569361.047852
278,39679822.56848088
280,39738678.57889984
283,39313790.777490035
284,39646052.68447438
286,39823040.324999265
289,39935475.34404555
290,39962973.77209643
292,40154040.38975976
295,40236204.760855906
296,39585490.37508966
298,39419047.1602053
301,39914955.280714296
302,39679072.32078814
304,39365188.319261745
307,39724437.56206167
308,39427809.32768293
310,39670150.66979967
313,39265206.093032464
314,39845944.66317204
316,40170131.10708746
319,40180859.00167726
320,39289666.8436904
322,39700414.47150632
325,39771268.64375192
326,39770742.746601105
328,39298426.24054528
331,39743664.4775879
332,39409001.645027176
334,39445845.03610265
337,39591596.7737435
338,40135079.95359279
340,39851958.886158414
343,39757071.519991614
344,39604883.57792599
346,39853934.887475155
349,40010820.99039408
350,39520807.25526936
352,39728470.66304491
355,40197944.52044331
356,40121068.89569119
358,39743499.12746346
361,40097013.46652171
362,39391289.5964724
364,40280998.499311194
367,39545261.313263156
368,39925208.774011254
370,40018615.01699491
373,40164525.215825155
374,39812356.23496744
376,39050462.13079582
379,40130708.52579903
380,39817646.64990509
382,39629032.67766245
385,39657250.61136904
386,38763487.8815056
388,39706439.034105696
391,39396311.65157245
392,39765928.883495145
394,39729619.26230992
397,39799874.571725786
398,39696645.066387266
400,40036932.70951281
403,39971574.66191238
404,39373804.25116605
406,39977724.03468476
409,39126186.86343007
410,40165524.90866666
412,40137865.42630792
415,39990488.215245105
416,39336853.73665977
418,39616599.00849242
421,39806450.23850452
422,38980080.67006674
424,39335945.108241715
427,39936714.06876407
428,39520039.69517851
430,39547619.54508995
433,39971396.91303187
434,39889987.54201686
436,40122128.87449492
439,39547805.56279279
440,39257929.05165629
442,39867088.81878081
445,39751490.83828816
446,40117913.25769609
448,39617737.18751723
451,39819436.907636195
452,38831856.16632762
454,40127277.41201628
457,39200772.01017545
458,40316354.365400694
460,39564678.40477425
463,39891481.434776776
464,39674444.58789271
466,40034881.53191596
469,39577007.72618901
470,39873436.51778199
472,39865856.90860366
475,39707718.298146226
476,39449224.83682192
478,40080138.64734323
481,39889489.14808858
482,39915349.83095885
484,39794332.147124104
487,39640532.388043515
488,39850720.65703425
490,39742484.85415317
493,40106844.549099416
494,39925837.58781081
496,39474737.55169316
499,40330421.18312708
500,40160531.96953761
502,40156949.49341914
505,39346749.77844485
506,38828681.49307058
508,39084755.96367195
511,39006140.64164711
512,38628153.17921244
514,38435749.33877039
517,38979047.93619317
518,38584181.60517089
520,38744841.4230849
523,39083925.32098757
524,38791832.35588332
526,38887843.84546058
529,38923788.57938464
530,38906117.883599244
532,38944662.82870895
535,39284669.842704765
536,38870765.39022024
538,38833274.00600672
541,38842160.54127347
542,39065289.649988845
544,38825607.291122556
547,38427425.97931735
548,39271924.54389111
550,38752803.22494755
553,38919705.44578334
554,39133146.25960094
556,38523959.54558173
559,39068766.73478891
560,38915788.34353696
562,38863097.746167645
565,38701786.73627561
566,38680745.792835474
568,38681276.43545511
571,39185879.271187074
572,38893906.70376616
574,38857646.536728896
577,38913912.56837691
578,39051428.699531235
580,38928706.29515573
583,39083234.256644845
584,38477689.19313038
586,38917408.31400058
589,39300257.25022868
590,38813051.66130692
592,38804828.396327324
595,38617256.67306441
596,38808558.64315424
598,38648272.34761309
601,38970628.76725745
602,39055110.10776947
604,39133276.960266165
607,38494471.208168104
608,38876850.02989668
610,38759048.41661255
613,38538253.041892216
614,38960654.20374441
616,38891963.61211406
619,38892722.735291496
620,39168952.43104157
622,38855674.37162848
625,38787371.51360217
626,38983881.149914496
628,38864647.38182543
631,39373964.27689447
632,39177458.78871138
634,38958377.30739141
637,38625098.771281384
638,38638957.0823679
640,38743048.54994508
643,38444344.73484235
644,38826754.890903525
646,39185567.59739859
649,38670704.41260603
650,39244588.067146316
652,39128119.97491759
655,39002119.551186346
656,38694605.55972815
658,39160631.10113299
661,38387836.87165478
662,38908791.83188406
664,39017302.04244597
667,38809371.95343494
668,39007611.721552014
670,39113929.2748798
673,38661169.56051867
674,39004257.75766454
676,38556794.46591538
679,39103889.94382047
680,38821714.12079034
682,38205923.47019961
685,38818733.50167196
686,38867625.44954975
688,38757795.83935711
691,38782620.08465435
692,38840532.2989217
694,38507053.81432461
697,38866984.256400354
698,38762217.5727038
700,38783532.43898921
703,39031210.1880251
704,38751533.76242386
706,38893105.60782798
709,38762650.390311934
710,38721586.32360459
712,38916526.2110095
715,38332736.17865962
716,38588302.58088295
718,38601423.86200878
721,38274022.25882962
722,38234363.38940446
724,39163972.54191481
727,39095229.19517526
728,38876789.317658305
730,38786646.47209112
733,38764225.73899944
734,38671218.530283794
736,38808483.15573943
739,38859146.9031273
740,38644034.96772194
742,38821220.51422553
745,38994817.30004259
746,39092408.194274396
748,38734499.983650275
751,38357948.16822514
752,39107608.86982085
754,38912705.722113356
757,38789230.20367728
758,38433943.91553304
760,40584644.15916619
763,41516715.2670634
764,41720768.19632651
766,41439448.92943749
769,41686057.74390888
770,41331049.47571666
772,41503688.69629271
775,41579858.4787948
776,41100425.90349079
778,40777071.276819386
781,41437195.74859135
782,40863669.932335325
784,41633945.00453116
787,42144100.1910677
788,41259883.92433621
790,41457999.39965284
793,40794581.30599698
794,41677554.690482445
796,42474056.50868687
799,41890568.25874101
800,42147120.66487606
802,41968490.59158635
805,41689517.355163954
806,40877353.9040672
808,42028316.461626865
811,41380863.83107847
812,40938594.808430426
814,41645541.751389004
817,41544617.56163039
818,41523906.14739543
820,41202870.695888646
823,41597782.69999965
824,41360659.202101685
826,41552774.705981426
829,41433028.06029055
830,41760300.16247204
832,41535163.06436851
835,42015757.998927064
836,41421911.25711289
838,41606408.14088424
841,42277543.10640041
842,41784870.46744895
844,41619701.62513717
847,42053426.535882086
848,40610827.55201761
850,41399523.50673463
853,41528958.71725531
854,41418758.73457505
856,41464371.11149657
859,41750788.06846164
860,41320441.909306996
862,41051308.9900208
865,41527365.36282893
866,41545527.449008316
868,41969175.2249964
871,41412223.57642015
872,40887380.412963845
874,41527084.402448
877,41594078.63667053
878,41466387.10155439
880,40896116.35243907
883,41683246.00002396
884,41821109.06670891
886,41473170.56682882
889,40766208.46122257
890,41455555.11794757
892,41400714.55845745
895,41214999.28357988
896,41125950.06665965
898,41146513.057164714
901,41731339.89986884
902,41733695.81211366
904,40964983.77424372
907,41352378.94697507
908,41600303.98372566
910,41858466.894745566
913,41169439.210660815
914,41676200.17549535
916,41261869.302976616
919,41403453.10645653
920,41677642.89895355
922,41448408.27582755
925,41761308.82085778
926,41529380.02665705
928,41863996.97721087
931,41381440.77620199
932,41918532.04821229
934,41839424.95874614
937,40936254.33552518
938,41325130.01652853
940,41169566.218629226
943,41486647.38979645
944,42192361.906937964
946,41526139.5968941
949,42036481.61466217
950,41840915.53131958
952,41393176.16163971
955,41471926.3490856
956,40970334.72944546
958,41791993.195843674
961,41786254.286193416
962,42571659.42998319
964,41904646.13036929
967,41394958.614881426
968,41873269.96962504
970,41086122.57357603
973,40936037.93478329
974,41888660.65822329
976,41679070.61940263
979,42160739.25022599
980,41535105.5725719
982,41436067.90522387
985,41043112.2277255
986,41464178.976724364
988,41781565.90688707
991,41185695.97151693
992,41181616.95229583
994,41188043.39241451
997,41199851.76590694
998,41252915.396416724
1000,41561948.063246675
