,962362588.8186667
1,40606346.257725514
2,40528601.476746224
4,40339353.39332708
7,40698384.28343388
8,40887554.07859451
10,40751348.00978829
13,40289621.71096314
14,41535040.20387344
16,41289927.58027453
19,43705021.3124207
20,40564839.66219591
22,40817473.698583715
25,42078612.050748
26,42517050.41534262
28,42522194.76896535
31,42485937.08791957
32,42070897.84474916
34,42076860.75613291
37,42169205.54542849
38,42093775.39367514
40,41316362.961395144
43,41804002.66357464
44,42202188.761065714
46,43841504.91772564
49,44709208.43324052
50,46426803.39994782
52,44636663.37003811
55,44749211.43883819
56,44619576.159148216
58,44737870.761108816
61,44637764.46844415
62,44605453.62496
64,45054110.17041009
67,45820283.59421558
68,45167909.094043836
70,45612435.16780179
73,46222676.151122324
74,45186334.34300059
76,45030924.52962725
79,45244510.86300685
80,46005388.16589513
82,45389499.36431802
85,46431848.63882123
86,46091113.75353935
88,46038860.76341035
91,44514326.303997435
92,45097184.109811775
94,42122356.14264196
97,41259370.43209055
98,41380191.42043179
100,41128436.95367829
103,42342635.880734846
104,41905602.834049545
106,41373756.93807394
109,42296550.305216394
110,46014479.32118764
112,45036622.89400278
115,44824832.182865344
116,44799073.03199654
118,44920544.791247986
121,44949321.57691844
122,46146178.05976417
124,45752457.3073879
127,43337394.01243613
128,43609947.50422838
130,43170137.243820734
133,41867461.04142165
134,42076912.568969585
136,42655235.33904065
139,42764932.10172696
140,43012666.78973852
142,41880093.42616221
145,41723268.663320065
146,42969067.89548072
148,41246949.84772653
151,41345560.57790852
152,42237536.44478561
154,41501891.91078213
157,41688366.55040179
158,41684771.566789694
160,42151865.51274317
163,42489528.3198192
164,41795279.130237736
166,42945980.53726476
169,41428544.36532732
170,41823295.758894145
172,43158450.193258144
175,46704983.15279493
176,46828212.80540103
178,46338422.67157579
181,46119374.31561054
182,45850031.82549016
184,45138140.85919989
187,46294094.25838826
188,43494176.58530422
190,41037767.60330455
193,40967483.323821716
194,40240332.5129556
196,41525538.57619078
199,40739603.0964277
200,41301560.24962715
202,41553024.82837585
205,41643951.67996925
206,45345305.3716509
208,45420833.13635685
211,45426113.65406756
212,44157245.82106722
214,45284151.30941714
217,44742204.80806989
218,45754711.42976896
220,44390832.5093795
223,43007462.79518326
224,43309459.86191576
226,43197058.02951268
229,43273030.39961109
230,42943398.66428502
232,43841286.725361764
235,43396899.927961126
236,43913708.88245605
238,39388026.26845312
241,38553095.98085263
242,37909046.408389516
244,39728804.45199457
247,39408616.83125177
248,38888199.497557566
250,38449526.44112384
253,39457392.858602695
254,43014804.05373633
256,42383232.540488094
259,43909160.09000118
260,43852938.50094435
262,43770419.57358424
265,44677685.57341511
266,43518783.0888928
268,43814003.40328396
271,43907126.08063049
272,43726827.37610115
274,44420184.35750446
277,44195314.38841741
278,43712512.79455959
280,44001445.671597905
283,43937148.86934214
284,44545019.231904864
286,41305523.04912886
289,41623822.16160787
290,41471218.741036385
292,42473991.42333505
295,39567545.03757207
296,40300870.93665393
298,40588285.5316015
301,41599415.6423703
302,39265704.08458094
304,40010046.35530696
307,39427340.88726415
308,39418324.04435018
310,39925280.134003654
313,40092632.63514608
314,40098631.21447777
316,40331792.02982537
319,45699212.389166944
320,45169804.88629545
322,43778161.33700056
325,44292969.705405876
326,43664385.60183665
328,43905472.36996642
331,43999583.49512412
332,43564112.83543719
334,39257259.505431935
337,40539564.3823982
338,40568452.611805946
340,38072397.80007341
343,39913944.97203486
344,40325323.94844182
346,40837366.01252994
349,39785311.226870224
350,47362961.685097784
352,47435180.83822043
355,47180981.38026285
356,47115389.94927434
358,46562244.17949742
361,46777537.894943036
362,46612128.607029766
364,47508573.99279736
367,47600705.18078928
368,47873687.978826016
370,47374410.75030779
373,47601178.820134155
374,46462726.92099164
376,45822994.09481444
379,47316197.14163057
380,47820192.98709932
382,44050538.09545785
385,44368460.58340173
386,43546742.57133379
388,43030420.92300911
391,43027679.21048375
392,43191556.06252576
394,43999303.64838212
397,43788839.64251004
398,42014571.83223996
400,42405845.54662349
403,42209175.71775271
404,41284257.22132615
406,41940179.873205744
409,41039919.03045844
410,42021071.47047402
412,42768508.0417028
415,42121602.38478229
416,41858682.31821473
418,42139960.08236593
421,40846914.34411331
422,42491874.22149197
424,41084775.39816669
427,42350122.65051752
428,41782464.03763943
430,45812668.83849747
433,46015116.8131269
434,44935361.863162264
436,46760769.687051885
439,45605303.80473926
440,44492086.333468355
442,46248013.56264674
445,45964874.13349002
446,46128328.328521065
448,46170260.29698559
451,46482643.63722001
452,45043393.54307802
454,45761001.05516383
457,45075955.55758437
458,45866357.85682816
460,45441837.70748314
463,43737137.04222598
464,43937093.36010401
466,43561222.50181287
469,43883296.75633118
470,44967688.4701541
472,44198499.610245466
475,44462309.986019604
476,44133084.29640392
478,41917922.86788311
481,41449607.30898468
482,41616322.95539288
484,41082038.54690506
487,41790884.70705706
488,40959887.4580937
490,41358658.468034245
493,41226559.708619535
494,41585074.15497328
496,42426880.64234586
499,42852297.591135465
500,43285061.47478334
502,42227328.65614427
505,42360237.158003226
506,42399995.70979437
508,42232462.09640134
511,44593406.91877869
512,43885084.67101918
514,44764531.49821728
517,44913727.40273989
518,44551158.272516325
520,46046549.93433943
523,43777440.3270047
524,44930878.79473078
526,46379254.958092645
529,47041383.63047211
530,45750951.5787902
532,47702794.52662911
535,46572311.90294937
536,46435200.74946019
538,46208886.879441865
541,46226991.66589253
542,40811487.6517965
544,41535262.0503186
547,40931785.09553897
548,42056057.00580357
550,41519558.051475555
553,41153437.83537643
554,41426250.86411439
556,40822984.142487586
559,44096514.41393116
560,44086691.45434838
562,42367107.9428693
565,43588946.07325438
566,44172019.877797976
568,43673038.403238006
571,45181079.34790547
572,43330522.1930408
574,41033529.52766606
577,41836499.101844
578,41795121.81942758
580,41294437.1258605
583,41824519.6212785
584,41140789.77136755
586,41319132.04600862
589,42363533.58866031
590,42694825.713275224
592,42980261.175802805
595,43164841.3710315
596,43096828.46540584
598,43956530.62022448
601,43882151.08930196
602,43882595.16076515
604,43822657.9174741
607,42376984.76182463
608,42578890.29103359
610,42245297.52803944
613,42132772.954917364
614,41473434.31206508
616,41573958.077726275
619,42702961.901458934
620,43148311.89641273
622,43673474.422816046
625,43460462.50439128
626,43890313.25533238
628,44915583.72065818
631,44351993.37207406
632,44212384.72689337
634,44303581.486766435
637,44202199.42073232
638,43165392.712704994
640,42454771.780939914
643,41344462.86615932
644,42789633.25799498
646,42027007.49648058
649,42469984.14263841
650,41959097.51269302
652,42703310.82312181
655,43569071.59606416
656,43806127.35009723
658,44394311.16800146
661,43045708.64511455
662,43271442.0788605
664,43329086.57975929
667,43625583.49862289
668,43041804.312952444
670,41731109.58468048
673,42322615.73484548
674,40479643.744242616
676,40708732.54440141
679,41413823.5709044
680,41931863.05066104
682,41514903.58218594
685,41700822.84337448
686,43288917.487771876
688,43543390.556814395
691,43511540.53154273
692,43935131.14045357
694,42469832.53953129
697,44649944.10952311
698,43398427.53499605
700,42629562.728873335
703,48995937.50268523
704,47942296.70756184
706,47135793.21543917
709,47454533.84001256
710,47792487.0431961
712,49017109.794276886
715,47885218.332225226
716,48026746.204035476
718,40742493.30502621
721,39958826.45417485
722,40190392.54141972
724,40843164.2606757
727,41165292.92547403
728,40294992.21362287
730,41672666.697416626
733,40328481.156462476
734,39641501.12081446
736,40966089.79728364
739,40634163.590439886
740,41476615.00728328
742,40928038.05388587
745,40189349.13278488
746,41579738.57507254
748,40659580.46546189
751,40818666.465596415
752,41286843.51037676
754,41525962.93510298
757,40823482.0375446
758,40810457.665870465
760,41691834.36826921
763,41131070.926239885
764,42297971.42173748
766,39594480.934148565
769,39936029.31779573
770,41084328.63472431
772,40167437.33287173
775,39543660.011533074
776,38736404.45774394
778,39772085.7451573
781,39201904.05804568
782,45624988.61997386
784,47013875.35439906
787,46899348.66645993
788,45983168.62972587
790,46272121.80952868
793,46721908.79656501
794,44538156.85818985
796,47194730.000664085
799,46085386.8764532
800,46283915.12333153
802,46094478.84086584
805,45785408.94230847
806,46426566.304169506
808,46267623.94678985
811,46871640.85695891
812,45876719.706889756
814,42141560.8883892
817,42271679.12153449
818,41457492.25964773
820,44190860.23562387
823,44884583.481299296
824,43078950.99916625
826,42264048.79863405
829,43926065.0053247
830,48259858.544839725
832,48049364.00870789
835,48531192.1529282
836,47718450.04853071
838,47593297.32673904
841,48057085.54889093
842,48166990.60444263
844,47127808.00145077
847,44309934.76886269
848,43801232.62925212
850,44231044.68197777
853,44222562.48761861
854,44936836.625403725
856,43579095.69448749
859,44942627.91569115
860,43479071.90647212
862,42609221.241384864
865,42800664.697917074
866,43316179.45671111
868,43595265.93184301
871,42131587.28434504
872,42927193.81983369
874,42582375.123932116
877,42239102.40556001
878,43394272.59868279
880,42496947.252562135
883,43477487.80838031
884,43360396.111639984
886,43306196.110453114
889,43648174.98656219
890,44683122.71028107
892,43528849.34527715
895,46233528.135280326
896,45388200.02798037
898,46410108.26700407
901,45879112.11578261
902,45632039.070218265
904,45315800.95259257
907,45822970.251727216
908,45906317.816325836
910,42605058.67002423
913,40880648.59792065
914,42476223.76135597
916,43131754.16398947
919,42483733.36788574
920,43643576.95804397
922,42397448.38205058
925,43474741.33249293
926,42628266.0206849
928,44275434.690243505
931,42097956.0019283
932,43168643.92609165
934,43223364.08544357
937,44301817.927183844
938,42736631.752918884
940,41424922.35125586
943,42276422.47047451
944,42615851.35869684
946,42542092.29891418
949,42396668.81263551
950,41922360.26716048
952,42509044.168237805
955,41875655.20478536
956,42395402.293199584
958,42156273.34791356
961,44230179.58389473
962,43987642.84250716
964,43620100.84294874
967,44463282.6348075
968,44953926.185973
970,44328995.85937304
973,43885692.04659596
974,45163715.00732457
976,45855263.285312764
979,46672530.99598171
980,47014962.21737434
982,45602171.65678517
985,46001648.72989035
986,45775082.29226
988,46637455.71529982
991,44517646.10127023
992,44763089.75280433
994,44902383.46829121
997,44527434.042086124
998,45412229.168264955
1000,45986949.16420022
