,1150675881.3845427
1,48808472.72688167
2,48912931.65110277
4,48698320.408731125
7,48756059.973629534
8,48756278.20896061
10,48766513.281739004
13,48777436.27723904
14,48858967.66058115
16,48819661.13820217
19,48794621.045415655
20,48847020.91632801
22,48905355.1397032
25,48734367.18838893
26,48689749.97349147
28,48724950.51484168
31,48762104.49880692
32,48830345.10737072
34,48789281.338
37,48845027.57575292
38,48771861.843850784
40,48933321.74178646
43,48686727.90843063
44,48728578.01071031
46,48745624.74441896
49,48788574.88176793
50,48827726.932065606
52,48849169.11603613
55,48832288.83859407
56,48803494.8904141
58,48786444.75012033
61,48671942.225712225
62,48717404.079417236
64,48698198.352787
67,48746280.214200564
68,48691577.692362435
70,48836014.118829474
73,48946476.011251
74,48660768.332386725
76,48852822.8206185
79,48956683.9477475
80,48712412.98626259
82,48869965.539713636
85,48746069.414977364
86,48683660.381811656
88,48768763.11452924
91,48808373.71271914
92,48741776.916739255
94,48790536.72619929
97,48758548.102429345
98,48818325.89494247
100,48608836.10493936
103,48685924.655948356
104,48845823.899162196
106,48860818.21102191
109,48849485.27599998
110,48862367.64061056
112,48720831.66418891
115,48879371.94892258
116,49001997.00179486
118,48767546.14483694
121,48740272.265865736
122,49086656.841546565
124,48779306.57810389
127,48789756.54680257
128,48741436.595106706
130,48601415.884406805
133,48703352.376959026
134,48581485.60013277
136,48811433.221446924
139,48617802.20271689
140,48728088.01881754
142,48739539.39480796
145,48616784.777981736
146,48853877.656200804
148,48629436.89070346
151,48815534.3247098
152,48827886.476674184
154,48824928.984089285
157,48921948.52347546
158,48733226.702618994
160,48850952.34049438
163,48685714.23095053
164,48666259.06747177
166,48877033.22072428
169,48800544.229285404
170,48773292.448188215
172,48784712.23399238
175,48653217.833511725
176,48698870.245441385
178,49002360.31175947
181,48904814.99658854
182,48919844.48470055
184,48772439.251959994
187,48738886.42717398
188,48779377.51813591
190,48685378.291338906
193,48829634.23517184
194,48896996.64787975
196,48659409.741705865
199,45350049.50922205
200,45310861.449550964
202,45510411.02293052
205,45397718.927537434
206,45579984.28755767
208,45557824.77999062
211,45037387.02427203
212,45225167.34928745
214,45154726.57572469
217,45379892.735773556
218,45186652.71660236
220,45210263.78473113
223,45078449.31657449
224,45319291.82580371
226,45614526.18504603
229,45112732.20986592
230,45347450.30944478
232,45348124.04943666
235,45363307.2914711
236,45370665.76725504
238,45341494.4199916
241,45366274.940718636
242,45234878.929975055
244,45173627.541235134
247,45473428.68105241
248,45260800.33433116
250,45326646.176862754
253,45141751.21104714
254,45301976.45068186
256,45632209.76494203
259,45364682.74651708
260,45488313.34158115
262,45270161.58021992
265,45429625.5584768
266,45225779.717490666
268,45395574.484980345
271,45259214.89284157
272,45094909.00342482
274,45307597.883815765
277,45114001.055775404
278,45242198.763083234
280,45253483.90038172
283,45444460.41715263
284,45426716.692748405
286,45406730.01067132
289,45290626.82634479
290,45448771.49961166
292,45338725.79160667
295,45540450.1994084
296,45336301.54213403
298,45544272.072256394
301,45239904.654417805
302,45376707.81159747
304,45247871.01860808
307,45176973.32403803
308,45278609.309920296
310,45393477.02520554
313,45196444.59170317
314,45411591.173157394
316,45246640.73480924
319,45212548.88234166
320,45408408.93297819
322,45229262.076238796
325,45422025.01469154
326,45231606.023505524
328,45241245.21060627
331,45237273.5519946
332,45407333.20487598
334,45342967.23390056
337,45434741.77392499
338,45461594.6655813
340,45234695.167258486
343,45333944.66045438
344,45236497.009831436
346,45529242.930952676
349,45349333.07110738
350,45193489.704570554
352,45438441.902572304
355,45492116.35264105
356,45443509.96951402
358,45301717.38769368
361,45408642.11480813
362,45302588.760941066
364,45465436.12781442
367,45125844.3163088
368,45272155.67100228
370,45338337.753763296
373,45556134.27802364
374,45250782.06609969
376,45058001.21960078
379,45469225.802979805
380,45293181.450462915
382,45295463.611896865
385,45473017.95317293
386,45270706.82380046
388,45504226.45978662
391,45327272.60820585
392,45412421.234288976
394,45461548.7959699
397,45335510.62261667
398,40195844.38338314
400,40189987.54735977
403,40115169.37772684
404,40115021.93408917
406,40350705.251912415
409,40094222.476994626
410,40160290.736433245
412,40185522.709044404
415,40147654.56310383
416,40167010.57776293
418,40335831.037078924
421,40148343.1813549
422,40055313.796068735
424,40216239.55581201
427,40241065.629113495
428,40173598.37689286
430,40057532.45196862
433,40169751.91595866
434,40168450.91063266
436,40178429.35222556
439,40160676.46318215
440,40174835.29246277
442,40150173.973447464
445,40298953.40307536
446,40246317.30969845
448,40182735.596458495
451,40195488.495782845
452,40221828.39008925
454,40062809.09204901
457,40160725.95306683
458,40227977.975633495
460,40200882.658650115
463,40102306.28630653
464,40324356.89868874
466,40168399.95796604
469,40099556.07631036
470,40146247.77464776
472,40143560.99467684
475,40146807.61353446
476,40180127.54213642
478,40151881.33414534
481,40321941.58429784
482,40256142.91171762
484,40195545.383590005
487,40216887.47145808
488,40029688.518051334
490,40222266.37491488
493,40221347.649715245
494,40213676.609933935
496,40112441.30807044
499,40223316.177586
500,40321491.600737154
502,40241708.28764149
505,40067144.01522526
506,40177898.00405117
508,40250777.078807555
511,40266950.71221081
512,40151986.64930735
514,40205759.771374546
517,40245396.87051592
518,40161225.442711495
520,40169095.44610178
523,40249127.03505275
524,40211533.66888585
526,40171487.531618014
529,40269719.4701577
530,40065600.62443507
532,40231933.95563433
535,40227254.04219813
536,40159634.17390263
538,40134052.76882815
541,40107090.55578678
542,40159190.8958309
544,40107079.61665196
547,40220761.05670586
548,40303168.45957924
550,40163760.541825965
553,40192623.3658253
554,40233837.09323641
556,40122234.20461882
559,40097248.423785545
560,40226319.768119134
562,40146561.24498011
565,40215605.411452726
566,40213787.98966934
568,40252996.450771116
571,40231897.81934799
572,40164604.601902544
574,40227302.65718116
577,40173827.55720543
578,40259888.978670835
580,40242257.76572002
583,40188207.42114372
584,40205355.41520369
586,40166717.90554973
589,40154762.6958676
590,40200166.96494665
592,40158378.355035946
595,40164303.64705313
596,40146677.69482858
598,45659482.051777504
601,45767181.98904751
602,45850583.26063567
604,45856201.28420584
607,45600143.24249733
608,45651678.540362425
610,45893627.65563806
613,45731382.75215197
614,45739738.65640006
616,45694736.915411204
619,45714658.96848245
620,45775115.02024322
622,45633649.424330965
625,45680688.82863321
626,45601784.326331526
628,45808209.73053222
631,45711853.04652687
632,45852502.12342521
634,45590708.40071298
637,45715396.523674496
638,45654360.38520816
640,45744798.52809533
643,45658007.56708649
644,45473576.771271475
646,45680698.35672522
649,45688447.320002444
650,45908527.30848396
652,45616014.63224138
655,45680145.78529939
656,45741576.27212295
658,45615265.66048811
661,45658354.279481724
662,45659787.25415859
664,45594294.829513945
667,45777043.757510126
668,45811227.19610264
670,45756520.82963373
673,45856196.59244405
674,45732344.14206897
676,45653196.50219737
679,45796995.38608879
680,45759425.13451773
682,45743371.80595857
685,45728111.06024541
686,45580551.22253847
688,45794353.67103477
691,45694711.2742409
692,45808475.09034763
694,45497198.8721115
697,45828623.546807334
698,45843477.07435667
700,45654275.785888314
703,45758465.88892159
704,45755568.88610261
706,45834566.96277651
709,45811535.2293966
710,45569842.209450744
712,45618146.168869786
715,45699177.200519994
716,45722239.168326244
718,45622757.45770429
721,45611868.11919415
722,45669434.24704359
724,45735974.27594139
727,45753157.14569713
728,45708535.755317904
730,45629785.5876495
733,45649105.82283348
734,45591628.83218304
736,45622260.12652773
739,45723348.337604
740,45619712.66141244
742,45748293.91567412
745,45755052.45460066
746,45839446.09207667
748,45804538.37429744
751,45640971.44674771
752,45634069.90770111
754,45664703.68427878
757,45789126.14703317
758,45689113.69346585
760,45616876.05847438
763,45533180.99779566
764,45721682.82072025
766,45830647.49793357
769,45703501.74418528
770,45556266.85914723
772,45859205.65020502
775,45675118.74829017
776,45607845.906790234
778,45692441.43457776
781,45585206.49849145
782,45728502.70155416
784,45950813.54374426
787,45779122.74707884
788,45441688.21263815
790,45662103.15105016
793,45588356.93906937
794,45742001.53755566
796,45746227.053216055
799,42362110.66041211
800,42535977.98602377
802,42509338.729717955
805,42429237.10097681
806,42427661.51392757
808,42585148.13580526
811,42437112.367477834
812,42513004.462490536
814,42543217.00978517
817,42453886.05496979
818,42364033.209007
820,42489520.25710516
823,42483570.304507524
824,42383600.258246094
826,42465451.16902278
829,42550431.94073684
830,42390808.316052146
832,42500130.63168419
835,42522455.316665605
836,42401298.31455295
838,42312400.54428295
841,42436565.03190183
842,42336346.91715313
844,42405606.44123584
847,42537603.60033562
848,42455223.756764576
850,42445536.83953745
853,42509970.78323144
854,42430981.70511679
856,42431421.10329921
859,42385963.33937753
860,42262637.87837727
862,42493421.57516323
865,42562946.999598466
866,42413800.9862122
868,42556419.769664496
871,42395853.02153672
872,42306881.73810717
874,42451033.67219262
877,42419736.115564495
878,42479045.0264358
880,42278903.530319884
883,42300767.59354247
884,42454710.925665066
886,42478355.00182931
889,42397006.7311384
890,42442882.258725606
892,42457136.582135625
895,42344242.359139964
896,42511026.98689395
898,42459429.07823314
901,42568700.6497817
902,42505769.827587284
904,42394047.48101841
907,42423401.0829581
908,42461211.025072254
910,42513276.66462299
913,42395363.30100151
914,42503488.65162313
916,42518016.947877094
919,42448802.69870786
920,42481578.27911014
922,42440390.166587666
925,42502987.565701686
926,42525073.87808985
928,42510840.11442541
931,42455091.930530444
932,42413469.114068866
934,42622190.3022869
937,42358872.977398
938,42347721.28733872
940,42381549.03047913
943,42399718.03232065
944,42467252.86693943
946,42509916.787801355
949,42359050.60449968
950,42545634.92309836
952,42425609.73071067
955,42447969.06150521
956,42466913.100525476
958,42495679.03080151
961,42352272.07450575
962,42481364.20880051
964,42256307.34044747
967,42529647.21853243
968,42400998.88554368
970,42287596.81432578
973,42505676.278110795
974,42530691.44995426
976,42462523.859617285
979,42511843.440388896
980,42386894.53147637
982,42286869.22682068
985,42277883.19608725
986,42425323.55747973
988,42466714.6261363
991,42563820.5201102
992,42304141.10762849
994,42318112.88356895
997,42424741.153898254
998,44921744.7505895
1000,44668708.533104174
