1 315112.56497635646
13 416107.7100977106
31 424498.3547270458
49 440472.4901169764
10 326673.9087400489
14 433778.36913527525
32 411767.9822210009
50 447345.52396855317
100 369243.77084665425
34 404491.7875121256
16 471070.6632276269
52 424502.72814013733
103 383984.2943756658
37 403213.2663511574
19 455555.11471781455
55 430083.3836271569
104 379603.1713489388
38 434682.6889791609
2 450227.58988134813
56 404369.522809711
106 341166.84606446954
4 428318.3753096107
20 466018.9531265729
58 417625.1968045835
109 359706.996929422
40 430807.36906367796
22 447363.8939876124
61 458124.29190288583
110 381156.672842633
43 436050.2585605452
25 444661.44990667544
62 443460.32462203375
112 381654.362102999
44 435357.29221223114
26 434878.7992955108
64 418962.6247379281
68 329033.0416278898
46 396679.6856779142
28 429127.8014692618
67 398231.6325936052
7 363631.3302308243
85 387285.4193961762
70 387903.9074794792
86 410687.48867494386
73 413591.5812951431
88 439561.83769443654
74 400723.1265270688
91 434683.95276363223
76 398487.4895048605
92 432190.6297524863
79 405141.5544034966
94 388335.39530304703
8 355151.1233003759
97 370293.0639859235
80 389828.2425313068
98 392641.72771622095
82 411900.05792105594