1995    292215839.05023336
1996    280561278.3716547
1997    301633601.49529696
1998    284857555.5934989
1999    303975774.1224128
2000    295602065.2788376
2001    321234582.8553038
2002    291797939.2322158
2003    352554774.5685679
2004    379081692.5132847
2005    370975858.4650218
2006    385089472.7571004
2007    402800668.3894801
2008    379495882.83482194
2009    354662561.39716023
2010    348836230.17032504
2011    343028054.07294095
2012    337809564.40979004
2013    339270754.84168404
2014    312633588.18840086
2015    310271498.91696095
2016    302135852.5912928