1995    3088920309.533043
1996    3129421956.0951476
1997    3177852880.5167694
1998    3077621675.1983213
1999    3227343394.218063
2000    3276066573.8750696
2001    3359885785.70998
2002    3101732626.297302
2003    3772029178.2611384
2004    4111685536.1210485
2005    4176699367.0809135
2006    4154159150.48252
2007    4365041567.4807205
2008    4071134032.064284
2009    3749366400.756955
2010    3813837847.10927
2011    3514900533.3998394
2012    3584732480.6077213
2013    3694902940.2143793
2014    3341421153.2105684
2015    3420167575.082801
2016    3276654707.818529