1995    576135220.798602
1996    566458234.3568444
1997    579141235.8485413
1998    585457347.9406321
1999    595539826.0901642
2000    594188829.5352547
2001    639436338.6849545
2002    580575069.3884969
2003    719372380.7233285
2004    769038430.449729
2005    785230211.5730023
2006    766542145.685327
2007    805914726.7136298
2008    767814905.2888136
2009    719036628.3539771
2010    705920494.640404
2011    666303007.1038054
2012    684456937.7504522
2013    694855021.3178158
2014    616964489.6906376
2015    641841007.592225
2016    601538513.9780903