1995    185937962.23731455
1996    183933599.55718514
1997    184792111.62911472
1998    190706446.36122644
1999    195577632.42422816
2000    193424117.57240292
2001    204936102.6887226
2002    177660216.36874434
2003    221936324.1008538
2004    243007786.84024933
2005    245712424.21028855
2006    245351717.01835868
2007    258182672.61400935
2008    246363160.00688913
2009    226923031.65794846
2010    226948400.2491188
2011    217751399.83686805
2012    222530417.57022858
2013    223700780.92663404
2014    199304563.91673085
2015    206179267.88026214
2016    198460085.07219315