1995    69310882.464779
1996    65663644.72160339
1997    68147202.41602062
1998    67139959.30556415
1999    68619547.46224165
2000    68581642.59975672
2001    68170091.15694164
2002    68548680.04403114
2003    75551532.8841716
2004    87506342.69070266
2005    87237619.03472543
2006    90877058.61439703
2007    88264923.39771867
2008    84862239.91117716
2009    79898278.88286708
2010    78440833.07454586
2011    76254155.41770457
2012    82832297.99222946
2013    83124167.86379814
2014    72545567.8856045
2015    69317626.56176984
2016    72119185.52905081