,38.114618041381725
1,38.13924540836122
2,38.185719922424035
4,38.16505078023114
7,37.85222313816996
8,38.17236737125059
10,38.02343709549552
13,38.276037409375895
14,38.02512521996168
16,38.14443860596875
19,38.127637685934936
20,38.2944187370895
22,38.15943462029337
25,38.161733123254535
26,38.24474053928995
28,37.97484542102792
31,38.117409277487326
32,38.18722181866476
34,37.85263572804579
37,37.91935629576936
38,38.30928709206095
40,38.005434438407455
43,38.0658974650526
44,38.06870541609419
46,37.9952903109277
49,38.21971059431405
50,38.22039783717689
52,38.04970946635705
55,38.031847083429795
56,38.069688837882225
58,38.04214245722274
61,38.06746691635216
62,38.088864130368194
64,38.041305729119244
67,37.893593145583
68,38.04162958446941
70,37.991526144110765
73,38.12202275298068
74,38.064584362464316
76,38.08764584972172
79,38.14166648700059
80,37.96411043203189
82,38.087189083148104
85,38.30559340211568
86,38.08181378771279
88,37.928223109807746
91,38.124519849059105
92,38.303664673117844
94,38.15239651193424
97,38.23216345294407
98,38.08484231481249
100,37.92845754720777
103,38.036794255578684
104,37.94693687778473
106,38.09160747961892
109,38.12315621402146
110,38.03481761484324
112,37.93971216490348
115,37.97714427744353
116,38.0600807051114
118,38.064351689451975
121,38.26045613323103
122,38.15769936694861
124,38.201663486639795
127,38.062555786911524
128,38.05816059625975
130,38.2169812588974
133,38.03387072793261
134,37.9603701093394
136,38.18566602783881
139,37.9678877604612
140,38.12628755253585
142,38.0903560337888
145,38.14160657453634
146,38.31782509790081
148,38.11216150550194
151,37.98238359022357
152,38.14199803190641
154,38.15278531032169
157,38.180924154460506
158,38.18858291656788
160,38.135774061853525
163,38.25431254562814
164,38.06931313355197
166,37.945663294740015
169,37.99488396868971
170,38.06844480077916
172,38.216009194836396
175,38.145065679926645
176,38.09272546035046
178,38.025435062758625
181,38.04618788774308
182,37.979687102517325
184,38.05023687424891
187,38.065863778923756
188,38.231496032803264
190,38.04676090593383
193,38.13046603906361
194,38.21832953898174
196,37.97299981368983
199,38.031290601858885
200,37.941068338971874
202,38.04592821731073
205,38.129029169214334
206,38.2050221949333
208,38.07000905041063
211,38.04754837284409
212,38.086942969205005
214,38.13381170359081
217,38.09794609513447
218,38.078518510665916
220,38.226237702321434
223,38.13959354833126
224,38.13988828768402
226,38.25418500493183
229,38.11634339857548
230,38.25937489515384
232,37.97183464617625
235,38.08517039786541
236,38.103455803882795
238,38.02465421753282
241,38.13186340365917
242,38.070202840296766
244,38.14571213041492
247,37.829945934919785
248,38.02772080585817
250,38.0444132318419
253,38.0843448927069
254,38.0432776180057
256,38.07264440784281
259,38.013512498931405
260,38.15581670308427
262,38.11688217054807
265,37.94526896250801
266,37.921214565412654
268,38.06358229649404
271,38.09126523295979
272,38.202920150261576
274,38.048945399731195
277,38.18423390534543
278,38.14085135410013
280,38.09701844851525
283,38.068382707187155
284,38.196251730847635
286,38.134328539105546
289,38.126518834363736
290,38.06756612252622
292,37.95339069556953
295,38.14750815591339
296,38.11965947042375
298,38.08002097530606
301,38.142560632107504
302,38.16574661460878
304,38.22629170746027
307,37.97290372161382
308,37.95408356160642
310,38.047747229608376
313,38.19218406911756
314,38.05271096687406
316,38.10332266803645
319,37.916517005298545
320,37.999974515903396
322,38.07290218513805
325,38.10987984244907
326,38.149206858858676
328,38.05051070698307
331,38.11897854122094
332,37.94778461121296
334,38.0427693051428
337,38.09645347556744
338,38.124871016441354
340,38.14950986778264
343,38.29176610026549
344,38.05110941101725
346,37.82847259401837
349,38.1061410508867
350,38.05801896167618
352,38.15559619827593
355,38.28040592414041
356,38.07816845812104
358,38.019517864794885
361,38.0524678428348
362,38.053025554349496
364,38.137390976704665
367,38.15782636041371
368,38.13752053555013
370,38.26368909899809
373,38.222416018427644
374,38.237225773862555
376,37.87256630067844
379,38.089441793433295
380,38.06030071326837
382,38.16255647486276
385,37.964673588303164
386,38.07789316955686
388,38.16897265347373
391,38.14292346456286
392,38.09906757724706
394,38.198613044446255
397,38.20740364492069
398,38.13546215933185
400,37.96771246836265
403,38.16728135239683
404,38.160755139405886
406,38.16398132839731
409,38.23153287864361
410,37.974321879230814
412,38.049420656129875
415,38.09633092436863
416,38.08436869165679
418,38.02386772635622
421,38.21161769913968
422,37.9894672366026
424,38.12367478736949
427,38.11337379600054
428,37.94692592852775
430,38.06862554193919
433,38.09197104490384
434,37.89865598999751
436,38.11871630999989
439,38.097564192840835
440,37.9998953941266
442,38.097840984974795
445,38.17080948694152
446,37.9662136237291
448,38.04025798312103
451,38.026926943548666
452,38.09096818706479
454,38.06831904375765
457,37.94761991967915
458,38.06271309749065
460,38.17146038404367
463,38.08450747270925
464,38.15418341983492
466,38.051221067072
469,38.14556193622292
470,38.05357020292957
472,38.13436220523412
475,38.199496035585184
476,38.129573335742386
478,38.004164299150574
481,38.1473141639583
482,38.04454360165283
484,38.18270737345771
487,38.15457431120368
488,38.03917018180017
490,38.04552703749042
493,38.20949647974076
494,38.185923618566086
496,38.017295745903716
499,38.11560884230735
500,38.18626741693397
502,38.07075146819368
505,38.22495159556105
506,38.16306174137003
508,38.25621176586632
511,38.247043323745416
512,38.01627052860713
514,38.132006568202335
517,38.23818769248949
518,38.15725789318198
520,38.07364722565474
523,38.02367135051355
524,38.24303277935949
526,37.946853306108785
529,38.13211878977478
530,38.14729894268179
532,38.05539516957486
535,38.03595428968009
536,38.04585905149554
538,38.192259112123885
541,38.15817033521073
542,38.11563280386754
544,37.98501717594053
547,38.24481595148231
548,38.03737959976823
550,37.96763175611712
553,38.108785868589926
554,38.14399646618888
556,38.12376217285749
559,38.066893692130186
560,38.164595380069294
562,38.0214984075309
565,38.16957955311356
566,38.14970268637981
568,38.24019871436953
571,38.075140659821166
572,38.15272140283134
574,38.209798110076264
577,38.21648846048554
578,38.14724298394952
580,38.17024842737975
583,38.20059012395983
584,37.87568364988737
586,38.06197738223876
589,38.171253081922785
590,37.890998128943664
592,38.07114048105317
595,38.139896655923835
596,37.99272771922963
598,37.997893439409864
601,38.17740372422676
602,37.87385037928282
604,38.097022186066354
607,38.15812491732061
608,38.04028672756012
610,38.142473908506496
613,38.15776520063452
614,38.22960558250626
616,37.98939347488674
619,38.15809010082252
620,38.00251520039856
622,38.05975998791268
625,38.101040972625604
626,38.144674022031616
628,38.04193153980439
631,37.97122802610738
632,37.92330861989077
634,38.27680937998264
637,38.212439449709606
638,37.95430523898871
640,37.9210309820348
643,38.193788516755234
644,38.07013533167156
646,37.9684815153259
649,38.15431514279318
650,38.04525661799213
652,38.17164516581549
655,38.18056726512406
656,38.04224941193507
658,37.99227665112182
661,38.20510336607995
662,37.992202879145054
664,38.177641685916
667,38.085251459312055
668,38.140592987436825
670,38.21809547942223
673,38.02983557006516
674,38.229235455063986
676,37.997740024098775
679,38.11310634560876
680,38.01733195204661
682,38.04271645170814
685,38.25824066827511
686,38.16469052274796
688,38.04884505394092
691,38.1473644354298
692,38.05342234302374
694,38.187107261538685
697,37.94046685150779
698,38.05446058659676
700,38.0709412801337
703,38.23255505108301
704,37.964182822421634
706,38.15281496308585
709,37.87261196052291
710,38.226422567871445
712,38.17383376187978
715,38.06291188344918
716,38.06547536842276
718,38.14436734979026
721,38.20300200796709
722,38.21170150032979
724,37.95308137891664
727,38.17061161723941
728,37.92120409580078
730,38.32068151337561
733,38.20944279589614
734,38.07613317290545
736,38.06872917419818
739,38.059992524105645
740,38.143083972431114
742,38.2298361453926
745,38.11553090766473
746,38.06234206517585
748,38.04138309213019
751,38.04153725760575
752,38.096849300373705
754,38.14235809351493
757,38.13558611917775
758,38.139532545885814
760,38.138019594789554
763,38.30354121398774
764,37.9797879368602
766,38.27563542559515
769,38.18498693552665
770,38.11975442352899
772,37.966689176364376
775,37.94900288851097
776,37.97456686656219
778,38.126213247032254
781,38.16917516152238
782,38.23559262012005
784,38.06443037837648
787,38.16456809691007
788,38.137437619168004
790,38.05007321885122
793,38.01854779200547
794,38.011804753876106
796,38.06099066652493
799,38.0814622874139
800,38.05309645418025
802,38.22685862681076
805,38.02835787806709
806,38.07775149587697
808,38.099441052332466
811,38.042143441423285
812,38.21132809177786
814,38.22777498801635
817,38.15876489466312
818,38.19443754672591
820,37.93457731698734
823,38.12015597573147
824,37.93403780788132
826,38.09708684573752
829,38.06857861747429
830,38.23474752348588
832,38.13724878421565
835,38.111442413422395
836,37.98631523275937
838,38.09438360411587
841,38.1666100012649
842,38.214199773825534
844,38.25995649928241
847,38.1810765062827
848,38.144183475440514
850,38.12211884701776
853,38.21580825656877
854,38.11669700434193
856,38.05054103986518
859,37.978655390124445
860,38.13678196222335
862,37.90007460946473
865,38.020146930240195
866,37.849241717579275
868,38.061587569051746
871,38.161529051290046
872,38.074120435464984
874,37.96089394424001
877,38.22231954753213
878,38.201777289219564
880,38.121153234373566
883,37.95451658717426
884,38.04139692109417
886,38.2028990798121
889,38.23182093327717
890,38.035936860180776
892,38.11289326018357
895,37.98143604050429
896,38.07519586373335
898,38.174164782812
901,38.06239501299851
902,38.175696016540336
904,38.28981715456503
907,38.134357837500254
908,38.058701347879904
910,38.129655243131246
913,38.12428996306404
914,38.16549196249467
916,38.213744651776466
919,38.117339386482826
920,37.97496216114866
922,38.02336515591774
925,38.016526649059735
926,37.854065493688104
928,38.23124085806607
931,38.16037486482569
932,38.12530252951374
934,38.06781052714518
937,37.97285170627144
938,38.14773286819189
940,38.11241316215101
943,38.00204935519013
944,38.13092246916898
946,37.9715043597768
949,38.1366953776068
950,38.11890338729679
952,37.97288406770646
955,38.01859526234531
956,38.19072171757307
958,38.002666209874555
961,38.24404881643551
962,38.142685667110584
964,38.11267776201966
967,38.08051545786384
968,38.219978164559286
970,38.14974032319017
973,38.0854054624639
974,38.12793113108621
976,37.95416806130475
979,38.13766861956679
980,37.95109328544892
982,38.26592683780821
985,38.022819969516604
986,37.955156017289085
988,38.0680447136865
991,38.056873633595906
992,38.239212255889655
994,38.044697671866444
997,38.15072175443694
998,38.16311651445299
1000,37.99419526993601
