,38.11012359013324
1,38.13612434439912
2,38.18273391582836
4,38.16316451384656
7,37.844621303849785
8,38.16954336895712
10,38.01742989501799
13,38.27612574479513
14,38.01880477559702
16,38.142948443484435
19,38.1248723574138
20,38.29389773963309
22,38.15687568505947
25,38.15654848864987
26,38.24106346537675
28,37.96902779995204
31,38.11454864830715
32,38.18394489127959
34,37.84472035242919
37,37.91333823976789
38,38.30907515275445
40,38.0000349526385
43,38.06027340851377
44,38.063072114716654
46,37.989590785530716
49,38.21757850080683
50,38.21737754168419
52,38.04365033580949
55,38.02487623045667
56,38.06524740018441
58,38.03879402466607
61,38.063168593885926
62,38.085776388606426
64,38.035816698277
67,37.88763175039665
68,38.0355781784403
70,37.98613596095195
73,38.11804345613865
74,38.060785053832234
76,38.08371250470125
79,38.13755539566659
80,37.95831638756656
82,38.083524592546595
85,38.30318904117649
86,38.077131732802556
88,37.92087799258963
91,38.12217307025802
92,38.30380121287465
94,38.149902018005584
97,38.23061189541125
98,38.08103886662866
100,37.9211699102272
103,38.031260118775556
104,37.94076752828549
106,38.087797032884204
109,38.11899549468252
110,38.0293503485665
112,37.9331720411433
115,37.9724517827321
116,38.054518836911406
118,38.05905483775509
121,38.25673876598828
122,38.154138239307734
124,38.19943840577272
127,38.058853549780444
128,38.05529987864504
130,38.21582884109204
133,38.02702935021438
134,37.952803873292744
136,38.18100079633907
139,37.96168236913922
140,38.12166256211052
142,38.08666877792648
145,38.13701906269264
146,38.316010171132156
148,38.11092393628505
151,37.97713182638593
152,38.137052035182094
154,38.150186871702935
157,38.17846142017111
158,38.18741959135095
160,38.131685687886915
163,38.25311931324719
164,38.065898801432915
166,37.93959399441551
169,37.98930831507692
170,38.064356006664795
172,38.21407397686612
175,38.142218852591355
176,38.087261633964275
178,38.021770908870536
181,38.04132816787713
182,37.974874671960016
184,38.04671191221923
187,38.06263678138755
188,38.230655008831995
190,38.04172776752273
193,38.12573298877327
194,38.215587060311215
196,37.96806258297652
199,38.025803511586666
200,37.934415323840284
202,38.041491604642125
205,38.12722346753989
206,38.20257856364675
208,38.066296475191216
211,38.04182386242324
212,38.0815693301961
214,38.128818223773074
217,38.09429333010593
218,38.0750851343267
220,38.2257187124738
223,38.13648071339741
224,38.13602783772095
226,38.251095319589
229,38.114885824705354
230,38.255936778834275
232,37.9674008094064
235,38.08171621061848
236,38.09853714016285
238,38.02011900814989
241,38.129299966343744
242,38.06597327844519
244,38.141271271592274
247,37.82203395884427
248,38.022750789589026
250,38.03972303201806
253,38.08168506695862
254,38.03732990916107
256,38.06928437602329
259,38.00808037763488
260,38.15300501148623
262,38.11279681103934
265,37.93882993465396
266,37.91437964783028
268,38.05971715645354
271,38.08598518050198
272,38.199894778818326
274,38.043028780830326
277,38.181446073113754
278,38.13571744967397
280,38.09203652358348
283,38.06233298077488
284,38.19538570552328
286,38.13151240769482
289,38.12214366477008
290,38.062347038464225
292,37.94864536091065
295,38.14161778812687
296,38.11510498918993
298,38.077521975187715
301,38.13820689845449
302,38.16302344692519
304,38.22506605589748
307,37.966690293654516
308,37.9468179854436
310,38.042194243513315
313,38.18917312922988
314,38.048994590065966
316,38.09860867044912
319,37.910598619115234
320,37.99567347663056
322,38.067996697809896
325,38.10700645947558
326,38.145224145534314
328,38.04591829852912
331,38.115860955845555
332,37.94078344602361
334,38.03962999303467
337,38.09126423058517
338,38.12330587826514
340,38.14385502666413
343,38.2896685483722
344,38.04453663493753
346,37.820613133442414
349,38.10270673481847
350,38.0542650371734
352,38.15311040082069
355,38.28016597959944
356,38.07158757165334
358,38.01532128882486
361,38.04616896623554
362,38.04830336844854
364,38.13449652275157
367,38.15295595058704
368,38.134035814524275
370,38.26187211263451
373,38.21832501007381
374,38.233410739028365
376,37.86640580276262
379,38.08526738272092
380,38.05643196996836
382,38.15972715817814
385,37.95807078703183
386,38.071173497181974
388,38.16689865982482
391,38.13910747921199
392,38.095504925651504
394,38.19806683954001
397,38.2047067520371
398,38.13299271777079
400,37.962042749111816
403,38.1633849025392
404,38.15572916737311
406,38.158339853440786
409,38.227793039803856
410,37.9671887192298
412,38.044246105671235
415,38.09215638826637
416,38.07959025089774
418,38.01880043313083
421,38.20880624255892
422,37.985432944781614
424,38.11894749166778
427,38.10901841952366
428,37.93990840620181
430,38.063593909618525
433,38.088103548952745
434,37.89247195776242
436,38.112807993546106
439,38.096009823212825
440,37.99491588601893
442,38.09341149403572
445,38.168585993324655
446,37.95948300822587
448,38.034681917997915
451,38.02228001957822
452,38.08660181297962
454,38.06281947123231
457,37.94110373373115
458,38.05657143809146
460,38.16742197993525
463,38.07955458174099
464,38.15078860013577
466,38.044704107556676
469,38.143096868019775
470,38.04910327335654
472,38.12923267318988
475,38.1970257081711
476,38.12743297452577
478,37.99890170644035
481,38.14524511178594
482,38.03813291721957
484,38.17930023836657
487,38.1499771827047
488,38.035996600108966
490,38.039270811910185
493,38.208293303113706
494,38.18240803932274
496,38.01092653850399
499,38.111646180507144
500,38.18140292108184
502,38.06602871222238
505,38.2240665540901
506,38.1589544676004
508,38.25290671325679
511,38.244835194152934
512,38.01222723112783
514,38.12963390270241
517,38.23413582360014
518,38.15514297463229
520,38.06921954149376
523,38.017153163353434
524,38.24126983452461
526,37.9399776729065
529,38.12846071894797
530,38.14294041913372
532,38.05022018354078
535,38.02988268960852
536,38.04123525100001
538,38.19163561153147
541,38.15543143625701
542,38.11239416467381
544,37.97972442963009
547,38.24085091201033
548,38.03461282658293
550,37.96206513247014
553,38.10518245015307
554,38.142155536829044
556,38.120337471318145
559,38.062920091815606
560,38.16089796973472
562,38.01655798509614
565,38.16446962258858
566,38.14751810884765
568,38.236604480368186
571,38.06962114030108
572,38.149521471091035
574,38.205781489012125
577,38.21274996155912
578,38.144116989771625
580,38.165349706127074
583,38.19782293935334
584,37.86798502684032
586,38.05781419271438
589,38.167505790824194
590,37.88511710548748
592,38.06671485709773
595,38.13546567011715
596,37.98718122912311
598,37.99337996432033
601,38.17525372336694
602,37.86759844587449
604,38.09363977581095
607,38.154802319593145
608,38.03736631920914
610,38.138469444685555
613,38.15307167254941
614,38.22741538671154
616,37.983552828371565
619,38.154267949942074
620,37.99690061381737
622,38.05278826349278
625,38.09926507576807
626,38.13936652291577
628,38.03770091455738
631,37.96644812790408
632,37.91690065810739
634,38.27439874803895
637,38.21161258966249
638,37.94697017918491
640,37.91468360578904
643,38.189464440432374
644,38.0670083744144
646,37.96414300037346
649,38.149985213755514
650,38.040920612422596
652,38.169821515481
655,38.177375869161
656,38.036392366782884
658,37.98810520749739
661,38.20416854829269
662,37.98625162675416
664,38.17669840579932
667,38.080001637478674
668,38.1385574986952
670,38.21588414828067
673,38.02449853933463
674,38.227757689208815
676,37.99293530714873
679,38.108168419919124
680,38.01147736113244
682,38.038541104534616
685,38.25677671127891
686,38.1592735528413
688,38.04475275043
691,38.14270763837575
692,38.04870651770218
694,38.18331499620643
697,37.93443856622943
698,38.04947825671822
700,38.067008747739735
703,38.23010437872823
704,37.95804544362885
706,38.15043787232353
709,37.86496684582983
710,38.223335730063006
712,38.17077249243694
715,38.058573964294645
716,38.06001463213285
718,38.13889467277492
721,38.200493060769475
722,38.20811699079089
724,37.94592257232393
727,38.16626496822493
728,37.91424441463676
730,38.318576783629204
733,38.20564420302662
734,38.07204483792528
736,38.06452420680719
739,38.05467350577821
740,38.140845393004916
742,38.22711749911979
745,38.11188731783381
746,38.056343068265036
748,38.03578193062023
751,38.035301474194476
752,38.09217863097594
754,38.1382756945243
757,38.12995165448872
758,38.13827442163529
760,38.13432969112409
763,38.30143778902597
764,37.97248367967897
766,38.27350206715312
769,38.184129499891824
770,38.115389322941816
772,37.96079792975328
775,37.941957018500794
776,37.9701184845517
778,38.1225899271056
781,38.16509482104362
782,38.23287362846595
784,38.061641677627065
787,38.160262820252505
788,38.13556826605661
790,38.04580069125626
793,38.01231507319712
794,38.00648644830546
796,38.057920967621854
799,38.07704425345638
800,38.05062987955306
802,38.2243492326296
805,38.02321229610284
806,38.073462012990525
808,38.095545867218625
811,38.03644605890811
812,38.20794548795108
814,38.2244908336654
817,38.15505217961525
818,38.19033861066711
820,37.92714196241235
823,38.11554992212056
824,37.92648524696416
826,38.092263369383346
829,38.06231950000018
830,38.23288456553507
832,38.13448115506924
835,38.10836517691817
836,37.98093056763313
838,38.090382721177846
841,38.162922287722765
842,38.21241926411116
844,38.25847574450915
847,38.17988802420392
848,38.140036202297615
850,38.11994033354839
853,38.21180171550814
854,38.11126061869833
856,38.04385267400043
859,37.97147818791685
860,38.1313511291188
862,37.8937886732645
865,38.01460109170492
866,37.84168127209453
868,38.05476586666128
871,38.157681303361215
872,38.06948602868435
874,37.953462628818215
877,38.217978429998055
878,38.19911549028817
880,38.115458730923024
883,37.94945811139933
884,38.03734093438054
886,38.202050673760816
889,38.22932650838951
890,38.02999144683938
892,38.10948671185407
895,37.97636753324445
896,38.06948352025593
898,38.1716946680545
901,38.056752842315824
902,38.173625125844914
904,38.287988412305864
907,38.13058304968189
908,38.05348236388068
910,38.12690499483534
913,38.11939862274457
914,38.16202821143729
916,38.21071818814892
919,38.11204612772418
920,37.96931099688305
922,38.019879452295854
925,38.01074292815585
926,37.84608152426852
928,38.22775706972463
931,38.158004557931385
932,38.12273255715598
934,38.06484851825183
937,37.96854722902571
938,38.14316274904994
940,38.10766889634227
943,37.997590761591916
944,38.12596574661107
946,37.96541368201513
949,38.13242622784067
950,38.1144988643128
952,37.96581666746695
955,38.0132245424025
956,38.18796733551565
958,37.99686794698424
961,38.24213842315692
962,38.13937257601563
964,38.10961353685268
967,38.076931645361334
968,38.219350559478
970,38.14753599575961
973,38.08254308919691
974,38.12541571394
976,37.946758739639584
979,38.133985059720715
980,37.94645285508098
982,38.26537340799351
985,38.0169438286792
986,37.94992827881041
988,38.06228253138986
991,38.05426068592718
992,38.2358410479812
994,38.0413377579613
997,38.146535755640315
998,38.16071165502769
1000,37.989794606181725
