,25706436.29644883
1,1086432.7111339069
2,1084264.5908029072
4,1083617.95621421
7,1087051.2858028363
8,1082690.105367098
10,1085679.3079400274
13,1086014.3778356859
14,1090028.4588553854
16,1089299.8867968156
19,1088350.5331778093
20,1084440.4759956147
22,1093556.8222710087
25,1084381.4200851868
26,1079969.2499406245
28,1082974.740011676
31,1089827.5381888761
32,1080824.901320206
34,1083228.559224917
37,1088477.575684332
38,1086623.6622342414
40,1088441.663510709
43,1086819.3842604738
44,1080022.5152589113
46,1083335.5217731171
49,1082432.4386393847
50,1087484.0618234244
52,1087597.9217447129
55,1082281.3522231986
56,1091547.3774519342
58,1093442.5451619853
61,1084761.473050423
62,1087132.7055209952
64,1078551.7597547115
67,1086090.2957137765
68,1089623.735404932
70,1089346.558538179
73,1083399.4568206768
74,1087651.7523961663
76,1088415.0014825016
79,1087121.400696574
80,1083236.233426627
82,1087123.6684005738
85,1083136.1992638647
86,1084928.5891498919
88,1084177.1698751384
91,1082269.652449352
92,1083631.5768726952
94,1088135.6746775021
97,1083816.6056422517
98,1087306.5620533426
100,1080520.1500043557
103,1086627.8921234638
104,1083177.757044181
106,1088102.2008305725
109,1085115.6509598598
110,1089110.5170648373
112,1089334.0168738544
115,1086409.403648082
116,1086585.0936852389
118,1084264.2688407758
121,1083989.3132277746
122,1090012.659711331
124,1086492.6902256636
127,1078493.4941980217
128,1087618.1695852252
130,1082469.8939036685
133,1082246.9673896949
134,1081472.043853616
136,1082699.1717406178
139,1085654.0694432368
140,1082585.8478315375
142,1078739.472998813
145,1084328.6212229503
146,1087011.6105369863
148,1086987.5113077525
151,1085835.1647415075
152,1080540.6249782678
154,1089074.51934789
157,1089811.5089078487
158,1085831.180247594
160,1084955.6362633647
163,1082955.475071357
164,1087448.751444101
166,1083925.4686279956
169,1082806.193741077
170,1082849.8225487145
172,1090044.2972012064
175,1086530.0032232942
176,1082107.2040005138
178,1092504.8381339472
181,1089639.227302045
182,1086264.5252963633
184,1087139.6350395607
187,1090381.8783299415
188,1088156.823358151
190,1089479.985173895
193,1087367.435929083
194,1087701.6511166538
196,1089224.2655114438
199,1085999.3201790124
200,1090133.5805032274
202,1085755.431558928
205,1085564.332120853
206,1090396.5323170652
208,1081888.0385649516
211,1079118.151249421
212,1081235.0963010462
214,1082502.5637436851
217,1079409.2746022588
218,1081606.5439052186
220,1086796.0018196735
223,1082593.6115564918
224,1089331.8327667238
226,1083559.3642389292
229,1088127.4143394306
230,1084543.7414568402
232,1089943.0451299744
235,1085501.7052074012
236,1088548.4236075392
238,1082231.4533384193
241,1092786.3956327804
242,1084260.262252169
244,1087551.7509899337
247,1087351.8541083757
248,1084178.581929633
250,1087323.8714701808
253,1085840.9731834643
254,1082914.5433570612
256,1082506.3029890573
259,1084282.911508618
260,1089099.9421574282
262,1082068.5706255995
265,1086727.1084419214
266,1087522.415030393
268,1080567.5414792688
271,1083765.4675449927
272,1080971.0651565655
274,1082981.2265857141
277,1081119.0960906986
278,1079129.1437616278
280,1081400.355948817
283,1088683.2903523429
284,1089188.5810525897
286,1094829.6877085774
289,1084370.4329446168
290,1082927.891710991
292,1087254.2045694466
295,1086535.2706804522
296,1084314.9386822153
298,1088471.6566596779
301,1088135.9904147882
302,1083456.9901420819
304,1085176.8177552707
307,1080395.500661461
308,1088233.5948317403
310,1080347.1566292597
313,1084077.5822957319
314,1089867.391496241
316,1087431.8744827325
319,1087022.7887159388
320,1081537.5522246386
322,1086417.5778637824
325,1086825.0304907588
326,1084075.4316651027
328,1083381.7202471104
331,1088409.0759235688
332,1086274.6785599599
334,1083523.7297415081
337,1084513.0949784466
338,1084859.322030407
340,1081361.2623817034
343,1088315.7650709315
344,1085300.2388384482
346,1086330.2320666614
349,1079262.2167654894
350,1086270.5602998883
352,1082519.7869014454
355,1088182.509476946
356,1086021.0363444544
358,1085086.8067323202
361,1083297.5924375567
362,1083380.1230696694
364,1088371.036800565
367,1081416.1525931896
368,1082981.5895441142
370,1084139.040550488
373,1086893.1535035782
374,1087279.1873053287
376,1080311.0547193578
379,1087002.9919777615
380,1087965.0195550614
382,1088294.6252254318
385,1088504.8136801096
386,1083646.4387632248
388,1086656.1775908305
391,1082184.7429803542
392,1087102.3003961337
394,1090240.928578949
397,1089945.1883663887
398,1084703.357629716
400,1084148.7106215684
403,1083976.7544343192
404,1084931.005147458
406,1090391.992102565
409,1084122.77534149
410,1083161.642128384
412,1089980.863984458
415,1087545.5849049075
416,1084479.960168052
418,1093756.655464719
421,1080444.5191399786
422,1083026.5490460128
424,1086345.5624624104
427,1091674.9337658049
428,1086494.8504397937
430,1079375.1999587477
433,1080253.81959754
434,1084479.4185001499
436,1083395.4760992297
439,1086148.6236380988
440,1087616.8900758945
442,1087282.4060354396
445,1085628.5331453518
446,1090457.4572301127
448,1089307.3466629991
451,1084134.6633126778
452,1087686.5637450297
454,1076234.1677817076
457,1085839.014262551
458,1088691.8449803875
460,1084974.5401813774
463,1085254.7177049103
464,1089752.9901662217
466,1086344.006170943
469,1084426.851408734
470,1086706.4866654277
472,1087001.7570931162
475,1084740.9919546556
476,1082847.4160764185
478,1087620.8968177508
481,1089701.9323607984
482,1085596.8368859496
484,1086885.464145593
487,1086129.0731715346
488,1088925.1911404056
490,1083478.579456685
493,1085715.5796466672
494,1087311.6961603828
496,1082520.4393450262
499,1081330.1477515073
500,1084748.0453372453
502,1086908.8576352594
505,1085087.7732351942
506,1083008.0778447303
508,1086269.24229653
511,1090396.9546400092
512,1083349.009826317
514,1085088.8389476128
517,1090550.6863486564
518,1082449.6735263206
520,1083635.298606469
523,1088069.5115321558
524,1080749.033834385
526,1085427.3769646785
529,1088970.5459252174
530,1076825.2620293577
532,1085306.4212415835
535,1089128.6631617001
536,1084728.3366055682
538,1086695.9436073261
541,1080643.2291658092
542,1086814.0584740802
544,1082953.5165916658
547,1081810.3165141456
548,1086357.5883038528
550,1081965.1567490583
553,1082948.1829344316
554,1086866.099201956
556,1082639.9731558366
559,1087587.8788213627
560,1085942.7054739995
562,1090385.5673784455
565,1078504.880233083
566,1080841.6476743051
568,1082542.128685528
571,1081476.5393591265
572,1086619.3014863746
574,1090080.0099619378
577,1081039.5742150757
578,1089038.138191253
580,1081527.243743573
583,1081106.3755888944
584,1087568.0199321806
586,1088857.5168145022
589,1083461.9576782284
590,1089639.117820366
592,1085002.7253308536
595,1086393.4231132672
596,1086454.0590771914
598,1087879.2055634896
601,1086248.2543468217
602,1087806.8114982278
604,1088476.423117515
607,1078609.7084631533
608,1083500.5052140008
610,1083089.3339645364
613,1082707.7000463759
614,1086825.2760098842
616,1085836.9432812636
619,1086355.6577497546
620,1085294.7873568216
622,1082445.6148323992
625,1086537.2923973172
626,1081311.7807027993
628,1088396.1780563334
631,1090202.310626654
632,1089327.4745105263
634,1082955.055202288
637,1084719.9447501043
638,1082935.5114020116
640,1086687.7960233416
643,1086673.2566564488
644,1081621.0753299422
646,1089314.675348001
649,1081338.2594294879
650,1090479.9823342995
652,1083881.635871359
655,1085658.197932619
656,1084042.092967794
658,1083845.2730364092
661,1084253.9126960794
662,1082059.1693730946
664,1082173.5767171823
667,1083157.684078805
668,1086073.0526530955
670,1089398.1797051383
673,1088580.5120366612
674,1085869.474082152
676,1086117.9366481125
679,1085188.4831689517
680,1083843.0548078439
682,1084682.8844729697
685,1083737.1849042722
686,1083908.8758487736
688,1085959.1479324445
691,1089571.7252173745
692,1087957.6783973726
694,1083425.346313044
697,1091351.3865301935
698,1084223.675339159
700,1081124.5792303584
703,1088064.9831634853
704,1086667.2106377017
706,1083697.7195601745
709,1087626.418995196
710,1080727.1510627621
712,1081878.446611254
715,1087771.143920899
716,1085580.0387840448
718,1082414.5154143458
721,1085232.612151059
722,1082609.0960536697
724,1085438.3298925261
727,1086452.6831031886
728,1088730.7368101862
730,1085428.0360234168
733,1091128.8213398512
734,1083085.7535455246
736,1089908.5686566564
739,1082731.0017524376
740,1083882.4638129114
742,1087088.9382939425
745,1085809.166844925
746,1088115.590853109
748,1082407.2270285713
751,1090186.6091377707
752,1086221.5214041774
754,1084825.0487042516
757,1087614.6213181182
758,1086956.2170273925
760,1083417.2912813374
763,1081196.956793536
764,1087629.6436361382
766,1086757.1312744664
769,1084608.7259662992
770,1077953.4751415977
772,1088451.9436511698
775,1085750.7250391722
776,1081559.2031777415
778,1083339.9637418136
781,1084896.3851024825
782,1089017.3525512535
784,1085973.1036375049
787,1085315.0851467787
788,1081226.487391181
790,1086838.6833303876
793,1083210.04825064
794,1083621.890773027
796,1089575.3478662176
799,1086488.5899657942
800,1088634.6610822324
802,1085827.6803258706
805,1086478.015384533
806,1084527.7200370054
808,1082633.2338787743
811,1088088.1327912568
812,1082680.3487380615
814,1087108.0868646633
817,1084742.1379147146
818,1084429.8101238857
820,1084531.9157411656
823,1093467.5736328636
824,1085389.7200489445
826,1087547.0064642462
829,1089581.3092154062
830,1084735.4797656836
832,1085044.0293354774
835,1087934.9617904848
836,1086954.3275207432
838,1086006.99564766
841,1084845.4425637587
842,1082073.4304125265
844,1083354.8472107844
847,1086585.9414201495
848,1081740.6112926109
850,1081434.7804359281
853,1084049.873418714
854,1084413.2530930424
856,1087093.0510578402
859,1085717.2316148048
860,1087819.271186321
862,1086099.6348998144
865,1088893.7146721627
866,1087808.8861057132
868,1083138.6200804883
871,1083680.2457006269
872,1082938.8513603527
874,1083933.217750819
877,1086004.9715636
878,1087625.88633351
880,1082997.975402473
883,1085759.716716175
884,1084362.47151952
886,1091615.948112025
889,1083903.1524887157
890,1086849.582831073
892,1083476.64392713
895,1087161.2840927339
896,1083009.073602492
898,1082845.9761533611
901,1088414.0437981507
902,1087071.9469373582
904,1084696.8727105248
907,1082156.8261127218
908,1080944.5330207245
910,1083639.4674906665
913,1085526.578626745
914,1083005.1931958918
916,1084674.9738605297
919,1084337.2892801845
920,1085999.9763084585
922,1089054.6580461022
925,1084532.8367495802
926,1086042.7355474443
928,1084959.6570902287
931,1083169.3888462316
932,1089505.8281521387
934,1086844.9409363158
937,1079863.8601453607
938,1080295.8443741733
940,1084468.4328048662
943,1083743.4319004868
944,1087582.4627110697
946,1081614.280003667
949,1083459.5488118099
950,1092286.0546423842
952,1081925.0429156015
955,1086060.2826366979
956,1083724.619837424
958,1086435.9715962168
961,1085325.451942837
962,1087103.2185851573
964,1085984.066378881
967,1085418.4550000753
968,1084231.3401029182
970,1084591.1070876468
973,1086271.8728331146
974,1083067.1717701037
976,1083071.7413800554
979,1086970.2111588584
980,1085744.4973251706
982,1081999.8727653583
985,1082500.683682492
986,1085785.8459637074
988,1088289.0048166555
991,1088911.5836256007
992,1078555.3770618062
994,1084959.462160716
997,1082766.669861271
998,1082973.975843285
1000,1089909.1696038705
