,221.56348589118943
1,61.43349680654943
10,30.651632577152487
100,61.64500920869841
1000,94.67350914799266
103,93.5018513131985
104,30.790097073192037
106,95.6121586031277
109,61.51760883672544
110,125.40003271069196
115,94.67520527007801
116,61.25636933380574
121,30.80797232966652
122,30.714327170360033
124,92.20506100353396
128,30.603356282922746
13,31.23369553818568
130,31.227544153244494
133,30.77290410165819
136,61.550766629326496
139,30.876791945319056
14,187.81942826033858
140,62.943626116742855
142,30.71323213680863
145,62.86823826305931
146,158.30212055883408
148,30.135304954330294
151,94.66415583941645
152,94.4433015391608
157,61.42124871300296
158,62.58242030407954
16,30.70997326718395
160,30.784189500783196
163,62.477454387937286
164,94.46257045412584
166,31.368342851764563
169,189.3347187680779
170,30.192059214954725
175,30.83196118803632
176,156.58507105208574
178,31.34484383438086
181,92.35735460958644
182,63.486875350815424
184,92.37452947058958
187,93.88585140945995
188,61.5752981982998
19,62.89197999027547
190,30.772438798709185
193,94.44740218584002
194,95.37984796042869
196,93.62625666898218
2,61.23724799888795
20,91.99163873555771
200,62.90815032638239
202,30.766297758556668
205,30.762172509806476
206,31.344977656458823
211,157.8156752940182
212,62.69365659195196
217,94.14890387990988
218,92.04895809782276
22,61.61636222990853
223,94.06930962763903
224,62.24465019465766
230,124.99985318682849
232,61.805213950550886
235,30.661509362395474
236,62.88769682118254
238,61.388774009629195
241,62.31129329886605
242,158.76501098314702
244,31.676127195185863
247,30.777759053195073
248,62.78581357356876
250,31.338291700388385
253,61.68040937165319
256,61.68472992470274
259,31.360103555323565
26,30.723776234764735
260,31.2027079632793
262,121.61069818617018
266,91.91822150578984
268,31.3968105770997
271,31.084926492165458
272,31.264347163174566
274,92.18984628347556
277,61.22895556807806
278,61.44034930492385
28,30.837613115638106
280,30.807488025998463
283,30.498378251447615
284,123.15761465180093
286,30.637766187604846
289,62.9003683419998
290,30.7807439170904
292,62.30381608664133
296,31.553646452852345
298,30.835725209630944
301,63.73032584027414
302,30.826020232830533
307,94.1963348860624
308,95.15661872566182
31,122.72164454317445
313,94.88484347620899
314,62.75597256606072
316,30.743443052259394
319,62.754613355222446
32,30.857408273967064
322,31.218914015967304
325,125.23202176239892
326,61.23822801035614
328,30.726149469374043
331,61.5524699456541
332,62.65940692464465
337,61.45182345799064
338,61.60960618106068
34,62.44774547896915
340,124.60701841603863
343,124.71877657805209
344,30.768340307047144
346,61.20713112656138
349,94.43830672398728
350,30.71866524758903
352,62.404181844779494
355,63.01032104984057
356,156.71357572025084
358,30.776931294755368
361,94.53283171144034
362,61.68969962607332
367,124.83937904417091
368,62.68025770977793
37,124.50993969786241
370,61.788171290148455
373,156.60098225481022
374,61.45227211563424
376,61.32410750467064
38,61.40859606032292
380,125.34553363561936
382,94.8273468587609
385,61.531782719521836
386,31.424040501014044
391,62.13076926167141
392,63.41718224912718
394,30.89709533219356
397,94.49933271289888
398,92.36896145309208
4,30.772770388266725
40,189.94360612157016
400,30.654068400328004
403,31.589966976639133
406,30.703568307812912
410,124.8084833899161
416,30.58767494812424
418,62.659899476169194
421,63.15641087947835
422,62.65335248132778
424,125.1597606317819
427,92.19610469661015
428,93.94376288376492
43,30.8144927046831
430,30.78512434821915
433,31.26677681632007
434,31.346463957214286
436,94.64302770965126
439,93.97337845345153
44,30.752313518037102
440,30.708394915289368
442,30.59496012795414
445,61.68476393982488
446,62.75280077288868
451,62.78869148667744
452,30.71657280554402
454,31.76390447864628
457,62.58122097710875
458,31.330834885271937
46,30.773367252717385
460,61.53052590469144
463,61.11665598704843
464,31.267782144983272
466,31.515561275695823
469,31.194589508745402
470,125.71491535212022
472,61.65136523900667
475,30.671736258590645
476,30.72165751574939
481,30.66793587047959
482,61.52286214076205
484,63.42300626479805
487,61.28078834530865
488,61.58289962361873
49,93.818856085747
490,30.74393714434621
493,30.737291368091736
496,61.48927471823181
499,31.347626293698102
50,92.19222759968487
500,61.210926786254525
502,30.768538410131907
505,126.07698621471602
508,30.665021922416344
511,127.40872617338836
512,94.44908652518649
514,123.53896215751863
518,30.670229220104705
52,126.69892634126204
520,185.99674648949366
524,61.80708849530526
530,186.74688519294372
532,63.619611755792185
535,31.33504087752039
536,30.75460009288099
538,153.86837671444314
542,61.581995684891034
544,62.702230787879024
547,31.13759085634937
548,122.65025837393371
55,62.424151089960326
550,63.65649234066643
553,94.1757418932204
554,93.17841886792519
556,61.60848745348544
559,30.65829313293174
56,61.526741623716944
560,30.761977829050668
562,93.6276881759815
566,63.627884985373186
568,31.273059438248104
571,61.43580451940712
572,125.23177421158735
574,92.28377300317946
577,31.367384808346195
578,30.79842669578207
58,31.278335051985124
583,30.84577224723284
584,30.80280015054316
586,61.300991618956736
589,30.638349186030386
590,30.61459635039369
592,30.78080661199801
595,63.24068577425395
596,93.9983561323019
601,30.737801591250122
604,61.38465898606271
607,62.526909906628404
608,31.41711382504432
610,92.31024671710978
613,123.06456536921507
614,31.68256050088218
616,63.029530630716515
619,30.681802207792693
62,61.574427026510044
620,63.2891951840977
625,31.5792537082544
626,30.74621016984722
628,61.78972594213301
632,30.645990665120955
634,125.4620050615056
637,30.603111933360285
638,63.24743215109861
64,30.90662065072273
640,30.742085920007394
643,92.3356982803444
644,124.68109382341306
646,30.695300082646256
649,30.839205558374665
650,94.52464372380442
655,92.62618885448005
656,30.879167637890376
658,30.774434964195798
661,94.35269542098068
662,30.68803417839462
664,121.46324766041847
667,31.69467971761682
668,62.3197381993753
67,31.413693612015404
670,30.722465229575793
673,62.77784355758431
674,61.4713091640119
676,61.14138262041371
679,30.695918721128763
680,61.30816182036869
682,61.63352587626368
685,94.33785673130807
686,93.11836783397581
691,92.33973010339983
692,62.99000622297182
694,253.62090265256182
697,92.69764895162061
698,95.04540429748528
70,61.42689821899134
704,61.387077148316465
706,30.800735223645408
709,61.80716545548679
710,30.82830771464194
712,31.387805550382193
715,94.17250455996933
716,30.677581911034643
721,30.709066784863808
722,61.58147822716809
724,92.39677951547742
727,61.52881171772981
728,30.826117333970277
73,62.46861108846156
730,157.45935353964816
733,31.372555924485923
734,30.749444833685946
736,61.39269803510324
739,61.57414015550805
74,126.54939592110925
740,31.90966922480857
742,63.02494297133761
745,62.943689977166834
746,30.823422664779542
748,31.296437560778823
751,30.66042020772928
752,30.667490814317084
754,30.70665655194656
757,30.60436646086592
758,93.62352137339037
76,63.61118168576761
760,61.632273845552284
763,92.21528711122497
764,62.61694375876746
766,30.869704620639723
769,31.62441684662702
772,61.67736082509705
775,62.83440125993701
776,156.9648075158466
778,62.66766621362277
781,61.69546331944487
784,30.7254529147423
79,62.76875866043375
790,31.58105045149703
793,31.415153676205353
796,31.427044665237535
8,94.17738270519753
80,94.5158697354607
800,31.393882137315796
802,62.708708181040585
805,31.785388116710973
806,124.73650149941528
808,93.84406560265886
811,62.30981985708339
812,30.825650549831416
814,30.74567489255787
817,30.62127657050339
82,61.32194752075064
820,31.179658755966727
823,93.30686561969658
824,61.121815126083234
829,92.1470055253505
830,62.43763347156065
832,63.53741675061681
836,94.82712701888609
838,62.303127778286196
841,63.01628716866979
842,122.86545191476897
844,61.366722298581095
847,124.94147052192744
848,62.78125820123804
85,93.83523201807043
850,94.4142580507339
854,92.47229715435508
856,61.22552489917647
86,95.31261865780104
860,95.07331662639193
862,30.772629120251285
865,124.47574086507605
871,62.50231082186558
872,156.41579098102486
874,61.53176902085784
877,61.72086384558247
878,30.592034558691743
88,31.257784404268524
880,122.82655749761675
884,30.834844400842105
886,62.47573320359027
889,31.572434061270773
890,62.425026776936534
896,61.754529962060865
898,31.93825130548384
901,92.30533442567867
902,62.43147126050603
904,62.49642852374452
907,62.56584511669206
908,126.10904032281519
91,94.11115441785152
913,30.711109559833076
914,62.887164305942115
916,61.58633031045215
919,92.47804410543256
92,92.23346762876315
920,61.48732220205356
922,92.24133402965
925,62.458349871896786
926,122.62116949785985
928,93.64378460898325
931,63.259403171842656
932,30.833219730010804
934,31.130080074514996
937,31.560292924797103
938,61.51115837364767
94,61.63388608373872
940,127.05196200287433
943,95.03246610294802
944,30.75050040295777
946,127.19748895651614
949,125.40225936671312
950,92.62527282460215
952,30.66242376019069
955,31.092928642717258
956,31.251672838007853
958,61.19756307762145
961,30.708203588065658
962,222.7807648327032
964,62.701369111997685
967,122.82734468492583
968,30.895600234879623
97,31.716395929516136
973,157.06776751698285
976,63.49026045465767
979,61.587088221025745
98,93.48867356074445
980,31.394983808611617
982,61.164414385350646
985,123.02999039780046
986,30.938598918851213
988,94.07055670304692
992,30.878130160374425
994,62.48737520544505
997,94.38991575448188
