,993444640.2754325
1,43075426.52456719
2,42368718.019541554
4,42620969.21794985
7,42634844.17460923
8,42489428.24229868
10,42592734.25480777
13,42256666.83289636
14,42742776.54632431
16,42523609.17276598
19,42629757.351048395
20,42448179.35874941
22,42891479.05444849
25,42408074.77815393
26,42588955.22289328
28,42749335.59570343
31,42782756.647368215
32,42987513.37982424
34,42778635.00290328
37,42233136.568115234
38,42180965.11127698
40,42596641.44693411
43,42726254.94971409
44,42042091.48386391
46,42698642.076820366
49,42538916.9199023
50,42191169.704510346
52,42053788.59048854
55,42243507.10431378
56,43097700.71248023
58,43145650.73560035
61,43162809.91814495
62,42280002.579489045
64,43103607.10978565
67,42247464.25656129
68,42507213.89365947
70,42495711.33200737
73,42431073.28243887
74,42320576.18235739
76,42579117.134867206
79,42621928.18037271
80,42438792.02620715
82,42613301.60309545
85,42777369.98020033
86,42820911.53781245
88,42862225.723625
91,42322906.10680165
92,42197654.54027635
94,42583596.89507039
97,42588708.420397356
98,42541440.703858405
100,42760342.78284123
103,42826188.85629927
104,42997503.81037132
106,42354538.79563138
109,42339909.651138164
110,42589745.505606145
112,42336934.55298565
115,41773246.92930814
116,42447701.25366921
118,42769434.39254766
121,42919757.692144886
122,43244697.216121696
124,42440672.62002881
127,42302080.48992536
128,42543567.453648046
130,42539688.22015259
133,42505568.76499985
134,42566229.44783872
136,42924450.503595
139,42276407.32450903
140,43079640.20920462
142,42055956.97979902
145,42532725.13785725
146,42757293.18195574
148,42647125.20279434
151,43092862.08931187
152,42349333.0640061
154,42314761.36292151
157,43009898.83521579
158,42787323.8122212
160,42628146.64512208
163,42473027.041075155
164,42021133.71169813
166,42618849.85388909
169,42890520.62322415
170,42950578.43033362
172,42386371.66232057
175,42249191.278903574
176,42083682.182270855
178,42424337.70266873
181,42673620.09574279
182,42547867.48537696
184,42774770.21612603
187,43007480.157206856
188,42641327.457949325
190,42756140.431222275
193,42427649.45977326
194,42883826.6235397
196,42699518.041748166
199,42534810.77049344
200,42343384.59751416
202,42394065.11272955
205,42434327.27948214
206,42839980.945148245
208,42904162.17718063
211,42341141.3459204
212,42471777.44179119
214,42425544.87666463
217,41960373.38950234
218,42837782.31554825
220,42406565.65202272
223,42494061.64747552
224,42564764.71999644
226,42471175.48511666
229,42432769.155745305
230,42707769.43455916
232,42547437.02639484
235,42583666.593825705
236,42703388.13568208
238,42443608.37453507
241,42792940.16263142
242,42542374.58975754
244,42287042.32839507
247,42509206.97403823
248,42562625.595407665
250,42572547.70391897
253,42644094.89840154
254,42543525.6601998
256,42495332.50044628
259,41940545.74593033
260,43083731.766303405
262,42500977.841124356
265,42774999.977776095
266,42315691.505691014
268,42252977.4865573
271,42483056.77996493
272,42740922.371463545
274,42037425.5730166
277,42645045.78268968
278,41914624.850340985
280,43359632.59060691
283,42207284.34216862
284,42515354.3157031
286,42672928.27023143
289,42511527.524625465
290,42626371.02581544
292,42109894.76323436
295,42644064.539346576
296,42621079.4490903
298,42601090.63229697
301,42197848.65164124
302,42401245.63259468
304,42608115.27780677
307,42353675.733633
308,42313156.28652916
310,42623442.68554084
313,42317620.4384
314,42433887.058000155
316,42247696.93395047
319,42734664.88367001
320,42344436.75911791
322,42610582.72329443
325,43174959.695241645
326,42653512.83785162
328,42039621.30001944
331,42633738.86209078
332,42583109.8861689
334,42882173.22615409
337,42505023.01130368
338,42543555.14243876
340,42890280.62125416
343,42805785.82913616
344,42109324.245363876
346,43026908.674575694
349,42418346.21975983
350,42383130.37817798
352,42431228.33111286
355,42515714.878338255
356,42553866.156380475
358,42392687.90714896
361,42315068.35369479
362,42361853.14923015
364,42770837.109768964
367,42869616.6339224
368,42605710.52358672
370,42495915.315712385
373,42647575.867928095
374,42677204.52474057
376,41925705.9617317
379,42284972.9187484
380,42337513.48423717
382,42566704.591193445
385,42617561.90936
386,42324775.28387163
388,42746554.6343658
391,42478513.67728188
392,42367146.15283697
394,42711794.99674467
397,42337747.94765755
398,42802819.66266376
400,42404636.93243241
403,42525822.41280544
404,42542036.22211424
406,42607791.98581426
409,43044356.96525026
410,42431360.619889654
412,41983883.9793824
415,42010136.360567726
416,42531968.543097205
418,42441892.20055614
421,42681655.52196964
422,42960749.51928464
424,41952160.43917064
427,42504258.02476069
428,42710536.94640649
430,42397363.05735185
433,42591349.62935955
434,42411461.36902684
436,42342157.59554055
439,42794432.99851228
440,41492321.10865362
442,42709406.94521004
445,42323599.78707119
446,43179862.94517141
448,42727298.85057513
451,43095481.21199941
452,42625322.21862215
454,42432199.16659024
457,42372882.9276575
458,42686884.00638399
460,42349671.07088003
463,42590961.5863042
464,42740679.86329419
466,42336183.58540295
469,42621382.63136111
470,42697204.5836256
472,42445099.749333926
475,42291477.21846175
476,42530791.286413446
478,42458298.773127995
481,42923412.16082405
482,42653765.01724411
484,42565453.557919964
487,42601000.11572644
488,42783637.197464384
490,42159397.001402766
493,42809562.065289274
494,42263484.23771217
496,42847170.70518649
499,41821522.62944529
500,41995525.58971007
502,42456015.09960831
505,42863490.91458044
506,42578094.06907638
508,43082838.96239443
511,42442145.72373299
512,42661487.5761138
514,42624872.09288287
517,42350423.51422876
518,42422988.0759009
520,42304589.254105665
523,42629305.354498945
524,42291358.04086708
526,42018761.224174134
529,42315372.71687014
530,42082258.41639193
532,42800370.899707116
535,42602541.30548173
536,43060631.40807758
538,42279520.218203105
541,41888697.03593987
542,42355008.25249488
544,42564315.92104682
547,43188966.33613075
548,42581094.012884796
550,42815947.13268416
553,42856432.78226078
554,42623511.265641235
556,42351241.064959735
559,42254270.749153055
560,42538697.850860246
562,42625870.42158887
565,42282297.47682561
566,42607805.44119469
568,42717145.59337485
571,42447099.507921994
572,42370588.68770378
574,42684687.77858598
577,42192398.73582987
578,42354102.649125874
580,42743174.79130231
583,42962528.70225999
584,42842187.62429005
586,43241252.146306194
589,42545457.515172325
590,42496170.605757795
592,42813159.89475387
595,42744380.02254745
596,42448778.8173119
598,42678136.20370343
601,42164589.01779073
602,42753994.57591511
604,43136850.35021919
607,42431144.66326129
608,42603946.80114208
610,42643500.19092639
613,42579984.62887277
614,42905448.481737144
616,42410171.88198744
619,42766530.75695594
620,42530072.987586945
622,42702382.31095911
625,43027644.83286941
626,42584072.39076631
628,42727636.06579447
631,42817440.93839924
632,42728206.558555886
634,43058051.02438213
637,42435863.90132775
638,42488645.56489155
640,42871789.44024495
643,42569115.14951833
644,42378459.20798523
646,42615771.66943737
649,42689536.27347957
650,42724993.235871844
652,42500545.27009922
655,42009119.91318929
656,42895343.270310715
658,42451882.118743725
661,42642209.77173978
662,43145135.532988794
664,42472089.624687426
667,42423541.17220967
668,42394661.562461555
670,42550147.37274362
673,42706039.723264255
674,42817737.71324533
676,42276061.64214022
679,42712504.79869666
680,42701374.14304196
682,42160304.33817476
685,42586271.17881111
686,42753322.80631893
688,42810371.61730943
691,42570852.13118368
692,42680388.766246766
694,42556911.63762148
697,42119188.52980256
698,42456712.85726512
700,41997093.57534417
703,42562572.82409296
704,42426463.46890177
706,42300721.59465178
709,42876113.372933306
710,42173520.062148735
712,42151711.17091098
715,42275658.0483859
716,42172536.25142095
718,42711234.65741763
721,42468366.0202503
722,42325292.76767976
724,42353946.88274464
727,42697355.16251794
728,42509330.81543243
730,43005066.011699945
733,42890269.2393957
734,42541914.11297229
736,41885815.01972714
739,42305308.71016813
740,42916476.392156236
742,42628197.90828164
745,42200351.94268881
746,42606520.55183079
748,42518504.30601574
751,42344986.73188004
752,42667910.466235794
754,42469871.67738844
757,42339222.7972269
758,42284859.51276657
760,42629431.03642228
763,42486735.587511666
764,43085270.98732375
766,43019595.66968102
769,41934076.254593626
770,42367019.248146385
772,42823722.93719128
775,43259644.58877629
776,42807647.7618222
778,42668967.84450078
781,42345102.71056309
782,42671687.174488686
784,42692397.38370081
787,42304480.76995713
788,42470971.44901752
790,42514427.95495823
793,42217070.06855254
794,42309098.91911014
796,42382684.7012807
799,42718428.35645275
800,42840507.35025406
802,43020143.096118666
805,42116673.979439445
806,42564736.14929508
808,42626733.18899837
811,42297685.424112365
812,42700411.973136745
814,42963847.44725366
817,42594734.44340009
818,42383392.096026555
820,42349061.656214945
823,42527584.80834981
824,41595648.51500225
826,42929088.560194746
829,42670607.20905998
830,42570290.459337935
832,42473424.40528206
835,42061691.042219
836,42881560.959719665
838,42140022.05088698
841,42223956.21476155
842,42037783.06731309
844,42291250.21900931
847,42690242.83852552
848,42471730.13643276
850,42208671.573268205
853,43065258.42872218
854,43239274.720348686
856,42564311.02290933
859,42713687.138162896
860,42826085.41753867
862,42236410.670853816
865,42632854.142884135
866,42175922.40360871
868,42764437.89552525
871,42510406.3038729
872,42851755.586737886
874,42536213.04937419
877,42220288.81829192
878,42709879.19457493
880,42656392.54253635
883,42062311.56800918
884,44109157.591767274
886,42955099.8495533
889,42494265.79480313
890,42264030.088973485
892,42744310.516982846
895,42541234.2329292
896,42491605.30477507
898,42592186.799680084
901,42981358.460231304
902,42330898.27604118
904,42369535.702897295
907,42058828.92454384
908,42436102.0687828
910,42813403.841603026
913,42799405.69124768
914,43211525.77344207
916,42399598.104117356
919,42364264.91027509
920,42226034.97819774
922,43065264.07018479
925,42449084.07742454
926,42563220.0019376
928,42598086.200895265
931,42562816.08809846
932,43449518.2416748
934,42645802.42597571
937,42056675.22536069
938,42531674.03457467
940,42661857.19052233
943,42944241.10672702
944,41978805.73919118
946,42482328.46404466
949,42157792.17271212
950,42236896.484184384
952,42692808.348658085
955,42754378.99706331
956,42866472.74114099
958,42475229.01201963
961,42482978.309269354
962,43001137.28749052
964,42549260.3346776
967,42555878.88305113
968,42403243.90640621
970,42642648.68258447
973,42269505.92859747
974,42207170.440550424
976,42640507.11227561
979,43173031.378858306
980,42144407.371399745
982,42751318.98822143
985,42605133.69921679
986,42548283.07035743
988,42713568.28929759
991,42553832.49595589
992,42355326.296938285
994,42778929.2308769
997,41920476.24767249
998,42752896.49187521
1000,42781444.21240787
