1995    296186721.2699652
1996    295036459.7440958
1997    298707236.32136583
1998    297450039.30790424
1999    310644992.2363281
2000    319992409.5524192
2001    316055095.625031
2002    295840293.9978242
2003    369985524.7800708
2004    384488845.7136154
2005    398572590.58799744
2006    402970943.4616089
2007    411095668.7372923
2008    386185326.045537
2009    358194379.5879841
2010    367611353.84926796
2011    342319834.3793988
2012    347637738.937974
2013    359708618.72475743
2014    322921295.5955982
2015    337716432.2361469
2016    310800674.0185261