1995    588420752.7799368
1996    596353589.9510503
1997    618924856.9593668
1998    598073290.2156115
1999    624828026.0260582
2000    635703042.9406881
2001    648675868.3174491
2002    593417101.8236101
2003    733436502.905935
2004    800030566.0637915
2005    808028562.0271444
2006    796482312.744081
2007    839493171.0866213
2008    787123133.9150429
2009    715792133.3777606
2010    725883734.2210531
2011    689808045.0071275
2012    683379670.8140135
2013    716840567.1373904
2014    655205327.3055077
2015    657492889.6984816
2016    637797221.6505766