1995    200546835.10905504
1996    189320723.10595512
1997    189943896.09030485
1998    194921724.518919
1999    194466021.61941528
2000    202055311.8074417
2001    211532159.72902775
2002    192334940.26572704
2003    231240748.95197153
2004    256291772.01746702
2005    257645273.73671532
2006    253790023.19955826
2007    274140078.3915758
2008    249942495.46618462
2009    237540315.25558233
2010    234532601.36424303
2011    223370474.5255053
2012    221783563.83721828
2013    235387525.94456673
2014    211284420.31168938
2015    218261698.928833
2016    200227763.9368534