1995    65265719.599342346
1996    70265458.98195505
1997    71409043.44005585
1998    65790725.91407299
1999    68898016.31323099
2000    72464386.69786453
2001    75724949.95787144
2002    66090362.841415405
2003    78833765.02037048
2004    86553024.27135706
2005    89808013.13906908
2006    86806624.4045496
2007    98618315.79778194
2008    92243574.63885546
2009    82524149.78971481
2010    77177056.95621967
2011    78383175.0711441
2012    78081688.3534193
2013    80342071.09582424
2014    71700403.57284546
2015    76628623.58635068
2016    70945267.16852188