1583381400000 2890
1583382600000 2360
1583386200000 1273
1583387400000 1046
1583391000000 3392
1583392200000 3411
1583395800000 3347
1583397000000 3317
1583400600000 3418
1583401800000 3422
1583405400000 2677
1583406600000 2202
1583410200000 1218
1583411400000 989
1583458200000 3336
1583459400000 3361
1583463000000 1964
1583464200000 1621
1583467800000 870
1583469000000 707
1583472600000 398
1583473800000 322
1583477400000 171
1583482200000 3240
1583483400000 2683
1583487000000 1459
1583488200000 1212
1583491800000 717
1583493000000 583
1583496600000 333
1583544600000 3379
1583545800000 3393
1583549400000 2420
1583550600000 1963
1583554200000 1144
1583555400000 954
1583559000000 525
1583560200000 422
1583563800000 239
1583568600000 128
1583569800000 103
1583573400000 60
1583574600000 53
1583722200000 3397
1583723400000 3352
1583727000000 1830
1583728200000 1503
1583731800000 781
1583733000000 629
1583736600000 344
1583737800000 274
1583741400000 160
1583742600000 134
1583746200000 77
1583747400000 65
1583751000000 34
1583752200000 30
1583755800000 78
1583757000000 3659
1583803800000 3663
1583805000000 3672
1583808600000 2282
1583809800000 1866
1583813400000 1052
1583814600000 870
1583818200000 508
1583819400000 414
1583823000000 235
1583824200000 188
1583827800000 102
1583829000000 87
1583382000000 2601
1583383200000 2158
1583386800000 1140
1583388000000 947
1583391600000 3407
1583392800000 3397
1583396400000 3332
1583401200000 3445
1583402400000 3464
1583406000000 2415
1583407200000 2002
1583410800000 1099
1583412000000 891
1583458800000 3345
1583460000000 3252
1583463600000 1774
1583464800000 1468
1583468400000 781
1583469600000 635
1583473200000 358
1583474400000 285
1583478000000 30
1583479200000 3352
1583482800000 2954
1583484000000 2425
1583487600000 1323
1583488800000 1111
1583493600000 535
1583541600000 3440
1583545200000 3389
1583546400000 3386
1583550000000 2204
1583551200000 1826
1583554800000 1057
1583556000000 857
1583559600000 474
1583560800000 384
1583565600000 195
1583569200000 119
1583570400000 95
1583574000000 56
1583575200000 50
1583722800000 3388
1583724000000 3048
1583727600000 1650
1583728800000 1370
1583732400000 697
1583733600000 583
1583738400000 263
1583742000000 145
1583743200000 117
1583746800000 70
1583748000000 61
1583751600000 32
1583752800000 26
1583756400000 3764
1583757600000 3691
1583804400000 3663
1583805600000 3644
1583809200000 2058
1583810400000 1683
1583814000000 959
1583815200000 794
1583818800000 463
1583820000000 377
1583824800000 175
1583828400000 96
1583829600000 81
1583379000000 3486
1583380200000 3446
1583383800000 1958
1583385000000 1582
1583388600000 873
1583389800000 690
1583393400000 3368
1583394600000 5523
1583403000000 3428
1583404200000 3248
1583407800000 1796
1583409000000 1473
1583412600000 811
1583460600000 2935
1583461800000 2407
1583465400000 1308
1583466600000 1063
1583470200000 580
1583471400000 486
1583475000000 254
1583476200000 214
1583479800000 3339
1583481000000 3324
1583484600000 2161
1583485800000 1768
1583489400000 1011
1583490600000 849
1583494200000 482
1583495400000 384
1583499000000 225
1583542200000 3451
1583547000000 3372
1583548200000 2932
1583551800000 1652
1583553000000 1373
1583556600000 771
1583557800000 644
1583561400000 352
1583562600000 286
1583566200000 180
1583567400000 146
1583571000000 89
1583572200000 71
1583575800000 45
1583577000000 35
1583719800000 3299
1583721000000 3378
1583724600000 2772
1583725800000 2246
1583729400000 1225
1583730600000 989
1583734200000 520
1583735400000 425
1583739000000 243
1583740200000 196
1583743800000 108
1583745000000 85
1583748600000 55
1583749800000 47
1583753400000 22
1583754600000 14
1583758200000 3723
1583802600000 3643
1583806200000 3415
1583807400000 2804
1583811000000 1532
1583812200000 1263
1583815800000 724
1583817000000 621
1583820600000 339
1583821800000 270
1583825400000 153
1583826600000 129
1583830200000 67
1583379600000 3479
1583380800000 3235
1583384400000 1744
1583385600000 1396
1583389200000 772
1583390400000 3429
1583394000000 3393
1583395200000 3361
1583403600000 3416
1583404800000 2946
1583408400000 1621
1583409600000 1340
1583457600000 3332
1583461200000 2647
1583462400000 2177
1583466000000 1169
1583467200000 964
1583470800000 536
1583472000000 431
1583475600000 237
1583476800000 190
1583480400000 3320
1583481600000 3340
1583485200000 1971
1583486400000 1602
1583490000000 926
1583491200000 778
1583494800000 426
1583496000000 361
1583544000000 3386
1583547600000 3230
1583548800000 2663
1583552400000 1501
1583553600000 1257
1583557200000 698
1583558400000 584
1583562000000 320
1583563200000 256
1583566800000 156
1583568000000 135
1583571600000 80
1583572800000 64
1583576400000 43
1583577600000 32
1583720400000 3383
1583721600000 3420
1583725200000 2489
1583726400000 2040
1583730000000 1113
1583731200000 880
1583734800000 474
1583736000000 389
1583739600000 218
1583740800000 176
1583744400000 95
1583745600000 80
1583749200000 52
1583750400000 40
1583754000000 19
1583755200000 13
1583803200000 3672
1583806800000 3091
1583808000000 2524
1583811600000 1390
1583812800000 1166
1583816400000 663
1583817600000 560
1583821200000 305
1583822400000 252
1583826000000 140
1583827200000 115
1583830800000 60
1583381100000 3058
1583382300000 2470
1583385900000 1344
1583387100000 1096
1583390700000 3400
1583391900000 3405
1583395500000 3364
1583396700000 3326
1583400300000 3335
1583401500000 3422
1583405100000 2823
1583406300000 2303
1583409900000 1267
1583411100000 1049
1583457900000 3330
1583459100000 3358
1583462700000 2075
1583463900000 1696
1583467500000 923
1583468700000 751
1583472300000 412
1583473500000 342
1583477100000 183
1583481900000 3353
1583483100000 2823
1583486700000 1521
1583487900000 1257
1583491500000 741
1583492700000 600
1583496300000 344
1583544300000 3369
1583545500000 3391
1583549100000 2528
1583553900000 1194
1583555100000 1006
1583558700000 557
1583559900000 444
1583563500000 243
1583568300000 133
1583569500000 109
1583573100000 62
1583574300000 56
1583577900000 28
1583721900000 3423
1583723100000 3392
1583726700000 1939
1583727900000 1568
1583731500000 825
1583732700000 660
1583736300000 368
1583741100000 170
1583742300000 137
1583745900000 79
1583747100000 67
1583750700000 38
1583751900000 30
1583755500000 13
1583756700000 3642
1583803500000 3677
1583804700000 3658
1583808300000 2405
1583809500000 1948
1583813100000 1107
1583814300000 906
1583817900000 537
1583819100000 436
1583822700000 243
1583827500000 107
1583828700000 94
1583381700000 2751
1583382900000 2269
1583386500000 1202
1583387700000 992
1583391300000 3391
1583392500000 3407
1583396100000 3332
1583400900000 3438
1583402100000 3448
1583405700000 2528
1583406900000 2106
1583410500000 1153
1583411700000 934
1583458500000 3318
1583459700000 3371
1583463300000 1860
1583464500000 1532
1583468100000 832
1583469300000 667
1583472900000 378
1583474100000 297
1583477700000 162
1583478900000 3270
1583482500000 3094
1583483700000 2555
1583487300000 1390
1583488500000 1157
1583492100000 674
1583493300000 553
1583541300000 3348
1583544900000 3383
1583546100000 3397
1583549700000 2319
1583550900000 1923
1583554500000 1098
1583555700000 907
1583559300000 496
1583560500000 407
1583564100000 231
1583565300000 196
1583568900000 122
1583570100000 98
1583573700000 58
1583574900000 52
1583722500000 3379
1583723700000 3215
1583727300000 1745
1583728500000 1442
1583732100000 741
1583733300000 601
1583736900000 327
1583738100000 272
1583741700000 149
1583742900000 124
1583746500000 74
1583747700000 61
1583751300000 32
1583752500000 29
1583756100000 255
1583757300000 3670
1583804100000 3669
1583805300000 3675
1583808900000 2149
1583810100000 1770
1583813700000 1000
1583814900000 840
1583818500000 486
1583819700000 393
1583823300000 227
1583824500000 188
1583828100000 99
1583829300000 83
1583378700000 3441
1583379900000 3470
1583383500000 2048
1583384700000 1667
1583388300000 907
1583389500000 726
1583393100000 3319
1583394300000 3380
1583402700000 3436
1583403900000 3375
1583407500000 1894
1583408700000 1549
1583412300000 848
1583460300000 3078
1583461500000 2534
1583465100000 1377
1583466300000 1117
1583469900000 606
1583471100000 504
1583474700000 270
1583475900000 222
1583479500000 3345
1583480700000 3323
1583484300000 2279
1583485500000 1864
1583489100000 1048
1583490300000 891
1583493900000 507
1583495100000 399
1583498700000 231
1583541900000 3450
1583546700000 3382
1583547900000 3083
1583551500000 1739
1583552700000 1436
1583556300000 813
1583557500000 671
1583561100000 372
1583562300000 300
1583565900000 188
1583567100000 154
1583570700000 90
1583571900000 74
1583575500000 48
1583576700000 39
1583720700000 3399
1583724300000 2915
1583725500000 2365
1583729100000 1290
1583730300000 1057
1583733900000 553
1583735100000 452
1583738700000 248
1583739900000 203
1583743500000 110
1583744700000 89
1583748300000 58
1583749500000 48
1583753100000 24
1583754300000 16
1583757900000 3708
1583802300000 3537
1583805900000 3575
1583807100000 2929
1583810700000 1608
1583811900000 1324
1583815500000 760
1583816700000 640
1583820300000 354
1583821500000 287
1583825100000 164
1583826300000 136
1583829900000 74
1583379300000 3480
1583380500000 3381
1583384100000 1860
1583385300000 1495
1583388900000 816
1583390100000 3355
1583393700000 3398
1583394900000 3373
1583403300000 3409
1583404500000 3079
1583408100000 1712
1583409300000 1411
1583412900000 773
1583457300000 2235
1583460900000 2789
1583462100000 2285
1583465700000 1240
1583466900000 1008
1583470500000 558
1583471700000 456
1583475300000 246
1583476500000 206
1583480100000 3315
1583481300000 3334
1583484900000 2061
1583486100000 1692
1583489700000 974
1583490900000 817
1583494500000 456
1583495700000 371
1583499300000 216
1583542500000 3450
1583543700000 3306
1583547300000 3345
1583548500000 2793
1583552100000 1560
1583553300000 1315
1583556900000 730
1583558100000 614
1583561700000 337
1583562900000 272
1583566500000 167
1583567700000 140
1583571300000 87
1583572500000 66
1583576100000 44
1583577300000 35
1583720100000 3389
1583721300000 3411
1583724900000 2628
1583726100000 2135
1583729700000 1166
1583730900000 936
1583734500000 495
1583735700000 408
1583739300000 228
1583740500000 185
1583744100000 101
1583745300000 84
1583748900000 52
1583750100000 44
1583753700000 20
1583754900000 14
1583758500000 3686
1583802900000 3647
1583806500000 3255
1583807700000 2653
1583811300000 1453
1583812500000 1220
1583816100000 685
1583817300000 590
1583820900000 318
1583822100000 262
1583825700000 148
1583826900000 122
1583830500000 63