1583457600000 3573.0740796296227
1583457900000 3462.359108148141
1583458200000 3341.5791392592528
1583458500000 3512.6840951851777
1583458800000 3281.1891548148083
1583459100000 3452.2941107407332
1583459400000 3613.334069259252
1583459700000 3573.0740796296227
1583460300000 3633.4640640740668
1583460600000 2777.9392844444387
1583460900000 2878.589258518513
1583461200000 2838.3292688888832
1583461500000 2717.5492999999938
1583461800000 2435.7293725925874
1583462100000 2395.4693829629578
1583462400000 2163.9744425925883
1583462700000 2153.909445185181
1583463000000 3744.179035555548
1583463300000 2012.9994814814777
1583463900000 1831.8295281481446
1583464200000 1992.8694866666626
1583464500000 1680.8545670370338
1583464800000 1610.399585185182
1583465100000 1348.7096525925901
1583465400000 1519.8146085185158
1583465700000 1328.5796577777753
1583466000000 1338.6446551851825
1583466300000 1620.4645825925893
1583466600000 1278.2546707407384
1583466900000 1016.5647381481461
1583467500000 1076.9547225925905
1583467800000 915.9147640740723
1583468100000 825.3297874074057
1583468400000 865.5897770370352
1583468700000 764.9398029629615
1583469000000 694.4848211111098
1583469300000 674.354826296295
1583469600000 513.3148677777767
1583469900000 915.9147640740723
1583470200000 613.9648418518507
1583470500000 553.5748574074063
1583471100000 483.1198755555546
1583471400000 533.4448625925914
1583471700000 704.5498185185172
1583472000000 513.3148677777767
1583472300000 533.4448625925914
1583472600000 372.4049040740733
1583472900000 402.59989629629547
1583473200000 432.79488851851767
1583473500000 271.75492999999943
1583473800000 533.4448625925914
1583474100000 261.6899325925921
1583474700000 332.1449144444437
1583475000000 312.014919629629
1583475300000 312.014919629629
1583475600000 271.75492999999943
1583475900000 372.40490407407333
1583476200000 171.1049559259256
1583476500000 231.4949403703699
1583476800000 211.36494555555512
1583477100000 181.16995333333298
1583477400000 231.4949403703699
1583477700000 211.36494555555512
1583479200000 3442.229113333326
1583479500000 3552.9440848148074
1583479800000 3563.0090822222146
1583480100000 3321.4491444444384
1583480400000 3250.9941625925862
1583480700000 3281.1891548148083
1583481000000 3240.9291651851786
1583481300000 3713.984043333326
1583481900000 3502.6190977777705
1583482200000 3482.4891029629557
1583482500000 3381.839128888882
1583482800000 2838.3292688888832
1583483100000 2798.069279259254
1583483400000 2294.819408888884
1583483700000 2687.3543077777717
1583484000000 2415.5993777777726
1583484300000 4096.453944814806
1583484600000 2284.754411481477
1583484900000 1721.1145566666632
1583485500000 1972.7394918518478
1583485800000 1821.7645307407372
1583486100000 1620.4645825925895
1583486400000 1509.7496111111082
1583486700000 1630.529579999997
1583487000000 1227.9296837037014
1583487300000 1469.4896214814787
1583487600000 1227.9296837037014
1583488200000 1288.3196681481459
1583488500000 1157.4747018518497
1583489100000 976.3047485185166
1583489400000 875.6547744444428
1583489700000 925.9797614814796
1583490000000 754.874805555554
1583490300000 734.7448107407392
1583490600000 815.2647899999984
1583490900000 603.8998444444433
1583491200000 734.7448107407391
1583491800000 613.9648418518506
1583493000000 483.11987555555453
1583493300000 533.4448625925916
1583493900000 452.9248833333324
1583494200000 412.66489370370283
1583494500000 332.1449144444437
1583494800000 382.4699014814807
1583495100000 432.7948885185176
1583495400000 221.4299429629625
1583495700000 402.59989629629547
1583496300000 211.36494555555512
1583496600000 281.81992740740685
1583499000000 221.4299429629625
1583457300000 2516.2493518518468
1583460000000 6824.068242222209
1583463600000 3713.9840433333256
1583467200000 2073.3894659259217
1583478000000 40.25998962962955
1583478900000 3724.0490407407333
1583481600000 6642.898288888875
1583485200000 3754.2440329629553
1583487900000 2254.559419259255
1583491500000 1248.059678518516
1583492100000 684.4198237037024
1583492700000 503.2498703703693
1583493600000 513.3148677777767
1583496000000 503.2498703703693
1583470800000 1177.6046966666643
1583474400000 654.2248314814801
1583488800000 2023.0644788888849
1583499300000 251.62493518518468
1583498700000 171.1049559259256