1583457600000 3221.04616417176
1583457900000 3361.091649570532
1583458200000 3981.2930849079517
1583458500000 3301.072155828201
1583458800000 3201.0396662576495
1583459100000 3101.007176687098
1583459400000 4121.338570306723
1583459700000 3241.0526620858705
1583460300000 3261.0591599999802
1583460600000 3301.072155828201
1583460900000 2920.9486954601052
1583461200000 2960.9616912883257
1583461500000 2860.929201717774
1583461800000 2800.9097079754433
1583462100000 2560.8317330061195
1583462400000 2140.695276809803
1583462700000 2840.922703803664
1583463000000 3641.1826203680766
1583463300000 2180.7082726380236
1583463900000 1700.5523226993764
1583464200000 1580.5133352147143
1583464500000 1620.526331042935
1583464800000 1420.4613519018317
1583465100000 1320.4288623312805
1583465400000 1100.3573852760671
1583465700000 1420.461351901832
1583466000000 1380.4483560736114
1583466300000 1420.461351901832
1583466600000 1180.383376932508
1583466900000 1020.3313936196259
1583467500000 1080.350887361957
1583467800000 840.2729123926331
1583468100000 740.2404228220815
1583468400000 720.2339249079713
1583468700000 860.2794103067434
1583469000000 720.2339249079712
1583469300000 700.2274269938611
1583469600000 580.188439509199
1583469900000 920.2989040490743
1583470200000 640.20793325153
1583470500000 460.14945202453714
1583471100000 560.1819415950888
1583471400000 520.1689457668681
1583471700000 480.15594993864744
1583472000000 520.1689457668681
1583472300000 280.09097079754434
1583472600000 300.09746871165464
1583472900000 360.1169624539856
1583473200000 440.14295411042684
1583473500000 280.09097079754434
1583473800000 540.1754436809784
1583474100000 380.1234603680959
1583474700000 340.1104645398753
1583475000000 280.09097079754434
1583475300000 260.08447288343405
1583475600000 200.0649791411031
1583475900000 240.07797496932372
1583476200000 180.0584812269928
1583476500000 260.08447288343405
1583476800000 180.0584812269928
1583477100000 220.07147705521342
1583477400000 200.06497914110312
1583477700000 320.10396662576494
1583479200000 2700.877218404892
1583479500000 3681.195616196297
1583479800000 3321.0786537423114
1583480100000 3361.091649570532
1583480400000 3701.202114110407
1583480700000 3321.078653742311
1583481000000 3060.9941808588774
1583481300000 3221.04616417176
1583481900000 3060.9941808588774
1583482200000 3101.007176687098
1583482500000 3361.091649570532
1583482800000 2960.9616912883257
1583483100000 2620.8512267484502
1583483400000 3060.994180858877
1583483700000 2600.8447288343405
1583484000000 2560.831733006119
1583484300000 4181.3580640490545
1583484600000 2160.7017747239133
1583484900000 1940.6302976687
1583485500000 1500.487343558273
1583485800000 1760.5718164417074
1583486100000 1820.5913101840383
1583486400000 1700.5523226993764
1583486700000 1460.4743477300526
1583487000000 1440.4678498159421
1583487300000 1120.3638831901774
1583487600000 1320.4288623312805
1583488200000 1340.4353602453905
1583488500000 1340.4353602453907
1583489100000 860.2794103067434
1583489400000 700.227426993861
1583489700000 1160.376879018398
1583490000000 940.3054019631846
1583490300000 760.2469207361918
1583490600000 800.2599165644125
1583490900000 680.2209290797506
1583491200000 580.188439509199
1583491800000 540.1754436809784
1583493000000 380.1234603680959
1583493300000 600.1949374233094
1583493900000 500.16244785275774
1583494200000 400.1299582822062
1583494500000 420.13645619631654
1583494800000 200.0649791411031
1583495100000 400.1299582822062
1583495400000 400.1299582822062
1583495700000 300.09746871165464
1583496300000 240.07797496932372
1583496600000 140.04548539877217
1583499000000 160.0519833128825
1583457300000 2600.8447288343405
1583460000000 6522.118319999961
1583478000000 60.01949374233093
1583478900000 3381.0981474846426
1583481600000 6562.131315828182
1583485200000 4061.319076564393
1583487900000 2420.786247607348
1583488800000 1960.6367955828105
1583491500000 1140.3703811042878
1583493600000 440.1429541104268
1583463600000 3901.2670932515102
1583467200000 2140.6952768098035
1583470800000 1080.350887361957
1583474400000 520.1689457668681
1583492100000 720.2339249079712
1583492700000 440.14295411042684
1583496000000 520.1689457668681
1583498700000 200.0649791411031
1583499300000 160.0519833128825