1583457600000 3391.9041262962896
1583457900000 3437.196614629623
1583458200000 3271.1241574074006
1583458500000 3432.164115925919
1583458800000 3361.7091340740667
1583459100000 3482.4891029629557
1583459400000 3427.1316172222155
1583459700000 3703.919045925919
1583460300000 3059.7592118518455
1583460600000 3019.4992222222163
1583460900000 3034.5967183333273
1583461200000 2682.3218090740684
1583461500000 2460.891866111106
1583461800000 2430.696873888884
1583462100000 2445.7943699999955
1583462400000 2244.494421851847
1583462700000 2043.1944737036995
1583463000000 3764.3090303703625
1583463300000 2083.454463333329
1583463900000 1721.114556666663
1583464200000 1625.497081296293
1583464500000 1756.342047592589
1583464800000 1615.4320838888857
1583465100000 1489.6196162962933
1583465400000 1419.1646344444416
1583465700000 1308.4496629629602
1583466000000 1348.70965259259
1583466300000 1565.1070968518486
1583466600000 1318.5146603703677
1583466900000 1092.0522187037016
1583467500000 1026.6297355555535
1583467800000 976.3047485185166
1583468100000 870.6222757407389
1583468400000 734.7448107407394
1583468700000 739.7773094444431
1583469000000 739.777309444443
1583469300000 714.6148159259246
1583469600000 608.932343148147
1583469900000 951.1422549999982
1583470200000 744.8098081481467
1583470500000 568.6723535185174
1583471100000 634.0948366666654
1583471400000 578.7373509259248
1583471700000 498.2173716666656
1583472000000 488.15237425925824
1583472300000 402.59989629629547
1583472600000 367.3724053703697
1583472900000 372.4049040740733
1583473200000 367.3724053703696
1583473500000 337.1774131481475
1583473800000 538.4773612962953
1583474100000 377.43740277777704
1583474700000 276.78742870370314
1583475000000 327.11241574074006
1583475300000 281.81992740740685
1583475600000 226.4624416666662
1583475900000 186.20245203703664
1583476200000 166.07245722222189
1583476500000 221.42994296296249
1583476800000 191.23495074074032
1583477100000 196.26744944444405
1583477400000 251.62493518518465
1583477700000 171.10495592592557
1583479200000 3688.821549814807
1583479500000 3437.1966146296227
1583479800000 3527.781591296289
1583480100000 3391.904126296289
1583480400000 3306.3516483333265
1583480700000 3623.399066666659
1583481000000 3477.4566042592523
1583481300000 3407.0016224074006
1583481900000 3261.059159999994
1583482200000 3115.1166975925867
1583482500000 3069.8242092592536
1583482800000 2747.7442922222167
1583483100000 2898.7192533333273
1583483400000 2772.9067857407354
1583483700000 2460.891866111106
1583484000000 2481.0218609259205
1583484300000 3779.406526481474
1583484600000 2214.299429629625
1583484900000 2018.031980185181
1583485500000 1856.992021666663
1583485800000 1665.7570709259226
1583486100000 1590.269590370367
1583486400000 1565.1070968518488
1583486700000 1434.2621305555526
1583487000000 1323.5471590740713
1583487300000 1343.677153888886
1583487600000 1167.5396992592566
1583488200000 1243.0271798148124
1583488500000 1137.3447070370344
1583489100000 1087.0197199999977
1583489400000 981.3372472222203
1583489700000 840.4272835185169
1583490000000 785.0697977777763
1583490300000 780.0372990740725
1583490600000 895.7847692592575
1583490900000 694.4848211111098
1583491200000 724.6798133333319
1583491800000 649.1923327777765
1583493000000 523.3798651851841
1583493300000 513.3148677777767
1583493900000 417.69739240740654
1583494200000 407.6323949999991
1583494500000 367.3724053703696
1583494800000 352.2749092592586
1583495100000 372.4049040740734
1583495400000 347.2424105555549
1583495700000 362.33990666666597
1583496300000 296.917423518518
1583496600000 301.94992222222163
1583499000000 191.23495074074035
1583457300000 2244.494421851847
1583460000000 6728.450766851838
1583463600000 3618.3665679629557
1583467200000 2093.5194607407366
1583470800000 1187.6696940740717
1583474400000 583.7698496296284
1583478000000 45.29248833333324
1583478900000 3321.449144444438
1583481600000 6627.8007927777635
1583485200000 3864.9590044444367
1583487900000 2601.8018298148095
1583488800000 2078.4219646296256
1583491500000 1368.8396474074048
1583492100000 598.8673457407394
1583492700000 503.24987037036936
1583493600000 422.72989111111025
1583496000000 558.60735611111
1583498700000 161.0399585185182
1583499300000 166.07245722222189