1583457600000 2600.0
1583457900000 3900.0
1583458500000 3300.0
1583458800000 4200.0
1583459400000 3100.0
1583460300000 3200.0
1583461500000 2100.0
1583463000000 3900.0
1583463300000 2700.0
1583464500000 1300.0
1583466000000 1700.0
1583466300000 1500.0
1583466600000 1200.0
1583468100000 1000.0
1583469900000 1200.0
1583470200000 700.0
1583471400000 1100.0
1583473800000 700.0
1583475000000 300.0
1583479800000 3100.0
1583481300000 3600.0
1583482500000 3400.0
1583483700000 2900.0
1583484300000 3300.0
1583486100000 1900.0
1583487900000 3000.0
1583491500000 1300.0
1583492100000 300.0
1583492700000 600.0
1583495100000 500.0
1583499300000 200.0
1583458200000 2600.0
1583459100000 3400.0
1583459700000 3500.0
1583460600000 3200.0
1583460900000 2600.0
1583461200000 2800.0
1583461800000 2500.0
1583462100000 2400.0
1583462400000 2100.0
1583462700000 2300.0
1583463900000 2500.0
1583464200000 1900.0
1583464800000 2400.0
1583465100000 1000.0
1583465400000 1400.0
1583465700000 1600.0
1583466900000 1400.0
1583467500000 1400.0
1583467800000 800.0
1583468400000 1000.0
1583468700000 800.0
1583469000000 400.0
1583469300000 800.0
1583469600000 800.0
1583470500000 600.0
1583471100000 1000.0
1583471700000 100.0
1583472000000 400.0
1583472300000 500.0
1583472600000 200.0
1583472900000 400.0
1583473200000 600.0
1583473500000 500.0
1583474100000 100.0
1583474700000 300.0
1583475600000 400.0
1583475900000 300.0
1583476200000 200.0
1583476500000 500.0
1583476800000 400.0
1583477700000 100.0
1583479200000 3400.0
1583479500000 3900.0
1583480100000 3600.0
1583480400000 4000.0
1583480700000 3000.0
1583481000000 2400.0
1583481900000 2200.0
1583482200000 3300.0
1583482800000 3200.0
1583483100000 3200.0
1583483400000 2900.0
1583484000000 2900.0
1583484600000 2100.0
1583484900000 1700.0
1583485500000 1400.0
1583485800000 1700.0
1583486400000 500.0
1583486700000 1000.0
1583487000000 2200.0
1583487300000 1200.0
1583487600000 1100.0
1583488200000 1700.0
1583488500000 1500.0
1583489100000 900.0
1583489400000 1300.0
1583489700000 900.0
1583490000000 1000.0
1583490300000 800.0
1583490600000 900.0
1583490900000 700.0
1583491200000 600.0
1583491800000 700.0
1583493000000 400.0
1583493300000 200.0
1583493900000 500.0
1583494200000 100.0
1583494500000 300.0
1583494800000 500.0
1583495400000 200.0
1583495700000 100.0
1583496300000 400.0
1583496600000 200.0
1583499000000 300.0
1583460000000 7200.0
1583463600000 4000.0
1583467200000 1900.0
1583470800000 1100.0
1583474400000 300.0
1583481600000 6300.0
1583485200000 2400.0
1583488800000 2300.0
1583493600000 600.0
1583496000000 500.0
1583457300000 2700.0
1583477400000 100.0
1583478900000 3600.0
1583498700000 300.0