1583379300000 3502.619097777771
1583379600000 3457.3266094444375
1583379900000 3507.651596481475
1583380200000 3417.066619814808
1583380500000 3371.774131481475
1583380800000 3220.799170370364
1583381100000 3034.5967183333273
1583381400000 2808.134276666661
1583381700000 2717.549299999994
1583382300000 2425.6643751851802
1583383500000 1942.5444996296255
1583383800000 1917.382006111107
1583384100000 1781.5045411111078
1583384700000 1560.074598148145
1583385000000 1560.0745981481448
1583385300000 1399.0346396296268
1583386200000 1222.8971849999973
1583386500000 1227.9296837037014
1583386800000 1258.1246759259236
1583387100000 1182.637195370368
1583387400000 1031.6622342592573
1583387700000 946.1097562962944
1583388000000 840.4272835185169
1583388300000 966.2397511111093
1583388900000 800.1672938888873
1583389200000 709.5823172222208
1583389500000 744.8098081481468
1583389800000 669.3223275925913
1583390400000 3417.0666198148074
1583390700000 3361.709134074067
1583391000000 3401.9691237036964
1583391300000 3487.5216016666595
1583391600000 3326.4816431481418
1583391900000 3230.864167777772
1583392200000 3492.554100370364
1583392500000 3245.9616638888824
1583392800000 3497.586599074067
1583393400000 3306.351648333327
1583393700000 3341.5791392592523
1583394000000 3396.936624999993
1583394300000 3452.294110740734
1583395200000 3407.0016224074006
1583395500000 3351.64413666666
1583395800000 3396.936624999993
1583396100000 3472.4241055555485
1583396400000 3286.2216535185125
1583396700000 3346.611637962956
1583400600000 3351.6441366666604
1583400900000 3477.456604259252
1583401200000 3502.6190977777705
1583401500000 3281.1891548148083
1583401800000 3487.5216016666595
1583402100000 3563.009082222215
1583402700000 3492.554100370363
1583403000000 3256.0266612962896
1583403300000 3452.2941107407337
1583403600000 3427.1316172222155
1583403900000 3356.676635370364
1583404200000 3266.091658703697
1583404500000 3039.6292170370302
1583404800000 2903.7517520370316
1583405400000 2647.094318148143
1583405700000 2284.754411481477
1583406300000 2330.04689981481
1583406600000 2194.1694348148103
1583406900000 2038.1619749999957
1583407200000 1952.6094970370332
1583407500000 1892.2195125925887
1583407800000 1751.3095488888853
1583408100000 1736.2120527777745
1583408400000 1555.0420994444412
1583408700000 2692.3868064814756
1583409000000 1489.619616296293
1583409300000 1353.7421512962935
1583409900000 1177.6046966666643
1583410200000 1232.962182407405
1583410500000 1127.2797096296272
1583410800000 855.524779629628
1583411100000 1087.0197199999977
1583411400000 900.8172679629613
1583411700000 880.6872731481463
1583412000000 885.71977185185
1583412600000 785.0697977777762
1583457600000 3532.8140899999935
1583457900000 3432.164115925919
1583458200000 3286.221653518512
1583458500000 3391.904126296289
1583458800000 3462.3591081481413
1583459100000 3487.5216016666595
1583459400000 3532.814089999993
1583459700000 3341.5791392592523
1583460300000 3195.6366768518456
1583460600000 2984.2717312962905
1583460900000 2611.8668272222167
1583461200000 2571.6068375925875
1583461500000 2521.2818505555506
1583461800000 2325.0144011111065
1583462100000 2214.299429629625
1583462400000 2224.3644270370323
1583462700000 2143.8444477777734
1583463000000 3864.959004444437
1583463300000 1816.7320320370336
1583463900000 1751.3095488888853
1583464200000 1711.049559259256
1583464500000 1539.9446033333304
1583464800000 1424.1971331481452
1583465100000 1454.3921253703672
1583465400000 1288.3196681481454
1583465700000 1253.0921772222196
1583466000000 1117.2147122222198
1583466300000 1439.2946292592562
1583466600000 1172.5721979629607
1583466900000 986.369745925924
1583467500000 895.7847692592575
1583467800000 810.2322912962948
1583468100000 840.4272835185168
1583468400000 860.5572783333316
1583468700000 790.1022964814799
1583469000000 583.7698496296285
1583469300000 724.6798133333318
1583469600000 624.0298392592581
1583469900000 674.3548262962951
1583470200000 593.8348470370358
1583470500000 593.834847037036
1583471100000 513.3148677777767
1583471400000 417.6973924074066
1583471700000 457.95738203703615
1583472000000 503.24987037036925
1583472300000 357.30740796296226
1583472600000 352.27490925925855
1583472900000 372.40490407407333
1583473200000 342.2099118518512
1583473500000 352.27490925925855
1583473800000 613.9648418518506
1583474100000 271.7549299999995
1583474700000 266.7224312962958
1583475000000 226.4624416666662
1583475300000 291.8849248148142
1583475600000 221.42994296296249
1583475900000 171.10495592592557
1583476200000 191.23495074074035
1583476500000 216.39744425925883
1583476800000 135.87746499999972
1583477100000 221.4299429629625
1583477400000 246.592436481481
1583477700000 140.90996370370343
1583479200000 3341.5791392592528
1583479500000 3512.6840951851777
1583479800000 3417.066619814808
1583480100000 3205.7016742592523
1583480400000 3301.319149629623
1583480700000 3487.5216016666595
1583481000000 3261.059159999994
1583481300000 3200.669175555549
1583481900000 3276.156656111105
1583482200000 3150.3441885185125
1583482500000 3034.5967183333273
1583482800000 2949.044240370364
1583483100000 2908.784250740735
1583483400000 2667.224312962957
1583483700000 2637.0293207407353
1583484000000 2309.9169049999955
1583484600000 2133.779450370366
1583484900000 1957.6419957407368
1583485500000 1831.8295281481446
1583485800000 1741.244551481478
1583486100000 1716.0820579629594
1583486400000 1484.5871175925895
1583486700000 1565.1070968518486
1583487000000 1409.0996370370342
1583487300000 1565.1070968518486
1583487600000 1192.7021927777755
1583487900000 2224.364427037032
1583488200000 1248.059678518516
1583488500000 1378.904644814812
1583489100000 1006.4997407407388
1583489400000 971.2722498148129
1583489700000 971.272249814813
1583490000000 931.0122601851834
1583490300000 810.2322912962948
1583490600000 790.1022964814799
1583490900000 800.1672938888875
1583491200000 780.0372990740726
1583491800000 764.9398029629615
1583493000000 583.7698496296285
1583493300000 634.0948366666654
1583493900000 523.3798651851841
1583494200000 437.8273872222213
1583494500000 427.7623898148139
1583494800000 407.6323949999992
1583495100000 392.5348988888881
1583495400000 377.43740277777704
1583495700000 397.5673975925918
1583496300000 352.27490925925855
1583496600000 322.07991703703635
1583499000000 196.26744944444405
1583541600000 3462.3591081481413
1583541900000 3452.294110740734
1583542200000 3563.0090822222146
1583542500000 3522.7490925925854
1583544000000 3326.4816431481413
1583544300000 3286.2216535185116
1583544600000 3245.9616638888824
1583544900000 3366.741632777771
1583545200000 3502.6190977777705
1583545500000 3497.586599074067
1583545800000 3356.6766353703633
1583546100000 3427.1316172222155
1583546700000 3200.6691755555494
1583547000000 3356.6766353703633
1583547300000 3568.041580925919
1583547600000 3225.831669074068
1583547900000 2913.8167494444383
1583548200000 2949.0442403703646
1583548500000 2863.491762407401
1583548800000 2551.476842777772
1583549100000 3854.894007037029
1583549400000 2556.5093414814764
1583549700000 2455.8593674074027
1583550900000 1952.609497037033
1583551200000 1791.569538518515
1583551500000 1766.4070449999963
1583552400000 1343.6771538888863
1583552700000 1383.9371435185158
1583553000000 1489.6196162962933
1583553300000 1363.8071487037007
1583553900000 1087.0197199999975
1583554200000 1137.3447070370348
1583554500000 1071.9222238888865
1583554800000 1092.0522187037016
1583555100000 1001.467242037035
1583555400000 931.0122601851834
1583555700000 920.947262777776
1583556000000 840.4272835185168
1583556600000 769.9723016666652
1583556900000 654.2248314814802
1583557500000 724.6798133333319
1583557800000 714.6148159259246
1583558100000 664.2898288888875
1583558400000 563.6398548148136
1583558700000 664.2898288888875
1583559000000 528.4123638888879
1583559300000 508.2823690740731
1583559600000 503.24987037036925
1583560200000 493.184872962962
1583561100000 322.0799170370364
1583561400000 337.1774131481475
1583561700000 357.30740796296226
1583562000000 357.3074079629622
1583562300000 281.81992740740685
1583562600000 312.014919629629
1583562900000 186.20245203703664
1583563200000 281.8199274074068
1583563800000 246.59243648148095
1583564100000 216.39744425925878
1583565600000 211.36494555555512
1583565900000 241.55993777777726
1583566200000 150.9749611111108
1583566500000 186.20245203703664
1583566800000 176.13745462962927
1583567100000 161.0399585185182
1583567400000 135.87746499999972
1583567700000 156.0074598148145
1583568300000 150.97496111111076
1583568600000 115.74747018518495
1583568900000 125.81246759259234
1583569200000 90.58497666666649
1583569500000 125.81246759259234
1583569800000 90.58497666666648
1583570100000 100.64997407407387
1583570400000 95.61747537037017
1583571000000 70.45498185185171
1583571300000 105.68247277777756
1583571900000 85.5524779629628
1583572200000 55.35748574074063
1583572500000 70.45498185185171
1583572800000 45.29248833333324
1583573100000 50.324987037036934
1583573400000 75.48748055555541
1583573700000 50.324987037036934
1583574000000 65.42248314814802
1583574600000 80.5199792592591
1583574900000 25.162493518518467
1583575500000 45.29248833333324
1583575800000 55.35748574074063
1583576100000 30.19499222222216
1583576400000 50.324987037036934
1583576700000 55.35748574074063
1583577000000 35.227490925925856
1583577300000 35.227490925925856
1583577600000 35.227490925925856
1583720100000 3512.6840951851786
1583720400000 3588.1715757407333
1583720700000 3457.3266094444375
1583721000000 3306.3516483333265
1583721300000 3547.911586111104
1583721600000 3286.2216535185116
1583721900000 3472.4241055555485
1583722200000 3552.944084814807
1583723100000 3497.5865990740667
1583723400000 3250.994162592586
1583723700000 3331.514141851845
1583724000000 2863.4917624074014
1583724300000 2848.3942662962904
1583724600000 2697.41930518518
1583724900000 2732.6467961111057
1583725200000 2501.1518557407358
1583725500000 2818.1992740740684
1583725800000 2148.876946481477
1583726100000 2194.1694348148103
1583726700000 2048.2269724074035
1583727000000 1816.7320320370332
1583727300000 1766.4070449999967
1583727600000 1786.5370398148111
1583727900000 1509.7496111111077
1583728200000 1489.6196162962933
1583728500000 1414.1321357407378
1583728800000 1409.099637037034
1583729100000 2249.5269205555505
1583729400000 1338.6446551851823
1583729700000 1182.637195370368
1583730300000 996.4347433333313
1583730600000 860.5572783333316
1583730900000 910.8822653703686
1583731200000 825.3297874074057
1583731500000 890.7522705555538
1583731800000 825.3297874074058
1583732100000 679.3873249999987
1583732400000 699.5173198148135
1583733000000 593.8348470370358
1583733300000 618.9973405555544
1583733900000 573.7048522222211
1583734200000 553.5748574074063
1583734500000 533.4448625925916
1583734800000 488.1523742592583
1583735100000 427.76238981481396
1583735400000 462.9898807407398
1583735700000 392.5348988888881
1583736000000 407.63239499999924
1583736600000 337.1774131481475
1583736900000 327.1124157407401
1583738100000 226.46244166666622
1583738400000 281.81992740740685
1583738700000 281.81992740740685
1583739000000 211.3649455555551
1583739300000 196.26744944444403
1583739600000 231.49494037036987
1583739900000 226.4624416666662
1583740200000 231.4949403703699
1583740500000 216.3974442592588
1583740800000 196.26744944444403
1583741100000 186.20245203703664
1583741400000 135.87746499999972
1583741700000 166.07245722222189
1583742000000 130.84496629629604
1583742300000 145.9424624074071
1583742600000 125.81246759259234
1583742900000 150.97496111111082
1583743200000 120.77996888888865
1583743500000 150.9749611111108
1583743800000 90.58497666666649
1583744100000 95.61747537037017
1583744400000 115.74747018518495
1583744700000 90.58497666666649
1583745000000 100.64997407407387
1583745300000 85.5524779629628
1583745600000 85.5524779629628
1583745900000 50.324987037036934
1583746200000 70.45498185185171
1583746500000 85.5524779629628
1583746800000 65.42248314814802
1583747100000 60.38998444444432
1583747400000 60.38998444444432
1583747700000 105.68247277777756
1583748300000 55.35748574074063
1583748600000 45.29248833333324
1583748900000 60.38998444444432
1583749200000 30.19499222222216
1583749500000 35.227490925925856
1583749800000 35.227490925925856
1583750100000 40.25998962962955
1583750400000 50.324987037036934
1583751000000 40.25998962962955
1583751300000 30.19499222222216
1583751900000 10.064997407407388
1583752200000 20.129994814814776
1583753100000 15.09749611111108
1583753400000 10.064997407407388
1583753700000 35.227490925925856
1583754000000 20.129994814814776
1583754300000 30.19499222222216
1583754600000 20.129994814814776
1583754900000 15.09749611111108
1583755500000 5.032498703703694
1583755800000 65.42248314814802
1583756100000 291.8849248148142
1583756700000 3668.691554999993
1583757000000 3673.7240537036964
1583757300000 3885.088999259252
1583757600000 3794.5040225925845
1583757900000 4770.808771111101
1583758200000 3920.3164901851774
1583802600000 3658.6265575925854
1583802900000 3955.5439811111037
1583803200000 3739.146536851844
1583803500000 3678.7565524074002
1583803800000 3693.854048518511
1583804100000 3507.651596481475
1583804400000 3895.153996666659
1583804700000 3462.3591081481413
1583805300000 3537.846588703697
1583805900000 3678.7565524074002
1583806200000 3195.636676851845
1583806500000 3084.921705370364
1583806800000 3069.8242092592536
1583807100000 2838.3292688888832
1583807400000 2788.004281851846
1583807700000 2470.9568635185133
1583808000000 4348.078879999991
1583808300000 2289.7869101851807
1583808600000 2355.2093933333285
1583808900000 2133.7794503703662
1583809500000 1856.9920216666628
1583809800000 1872.089517777774
1583810100000 1746.2770501851817
1583810400000 1635.5620787037003
1583810700000 1625.497081296293
1583811000000 1424.1971331481454
1583811300000 1499.6846137037005
1583811600000 1459.4246240740713
1583811900000 1187.6696940740715
1583812200000 1182.6371953703679
1583812500000 1237.9946811111085
1583813100000 1051.7922290740719
1583813400000 1081.9872212962941
1583813700000 991.4022446296277
1583814000000 910.8822653703686
1583814300000 860.5572783333316
1583814600000 870.6222757407389
1583814900000 724.6798133333319
1583815200000 895.7847692592576
1583815500000 769.9723016666652
1583815800000 659.257330185184
1583816100000 639.1273353703691
1583816700000 649.1923327777765
1583817000000 624.0298392592581
1583817300000 558.6073561111101
1583817600000 558.60735611111
1583817900000 493.18487296296195
1583818200000 503.24987037036936
1583818500000 468.0223794444436
1583818800000 457.9573820370361
1583819100000 372.40490407407333
1583819400000 392.53489888888805
1583819700000 372.40490407407333
1583820300000 452.9248833333325
1583820600000 347.24241055555484
1583820900000 251.62493518518465
1583821200000 327.11241574074006
1583821500000 261.6899325925921
1583821800000 301.94992222222163
1583822100000 312.014919629629
1583822400000 301.94992222222163
1583822700000 412.6648937037029
1583823000000 206.33244685185144
1583823300000 221.4299429629625
1583824500000 211.3649455555551
1583824800000 241.55993777777726
1583825100000 176.13745462962925
1583825400000 100.64997407407387
1583825700000 176.13745462962927
1583826000000 125.81246759259234
1583826300000 145.94246240740708
1583826600000 156.00745981481447
1583827500000 105.68247277777756
1583827800000 90.58497666666649
1583828100000 110.71497148148126
1583828400000 145.9424624074071
1583828700000 80.5199792592591
1583829000000 60.38998444444432
1583829300000 70.45498185185171
1583829600000 70.45498185185171
1583829900000 95.61747537037017
1583830200000 80.5199792592591
1583830500000 55.35748574074063
1583378700000 3522.749092592586
1583379000000 3331.514141851845
1583382000000 2823.231772777772
1583382600000 2309.9169049999955
1583382900000 2224.3644270370323
1583383200000 2249.526920555551
1583384400000 1841.8945255555518
1583385600000 1353.7421512962935
1583385900000 1237.9946811111085
1583393100000 3467.3916068518447
1583394600000 6824.068242222209
1583394900000 3568.0415809259193
1583397000000 3331.514141851845
1583400300000 3220.7991703703638
1583402400000 6783.808252592578
1583405100000 5626.333550740729
1583406000000 4770.808771111102
1583409600000 2616.8993259259205
1583412300000 1635.5620787037005
1583412900000 699.5173198148135
1583457300000 2249.526920555551
1583460000000 6089.323431481469
1583463600000 3396.936624999993
1583467200000 1836.862026851848
1583470800000 991.4022446296276
1583478000000 20.129994814814776
1583478900000 3240.9291651851786
1583481600000 6446.630839444431
1583484300000 4780.873768518509
1583485200000 3729.081539444437
1583488800000 2330.04689981481
1583491500000 1509.7496111111082
1583492100000 719.6473146296282
1583493600000 422.72989111111025
1583496000000 775.0048003703687
1583499300000 226.46244166666622
1583541300000 3155.376687222216
1583543700000 3266.0916587036972
1583546400000 6738.515764259246
1583550000000 5314.3186311111
1583550600000 1992.8694866666626
1583551800000 1585.2370916666634
1583552100000 1600.3345877777745
1583553600000 2455.8593674074027
1583556300000 1680.8545670370336
1583559900000 825.3297874074058
1583560500000 649.1923327777765
1583560800000 618.9973405555543
1583563500000 462.98988074073975
1583565300000 221.4299429629625
1583568000000 236.52743907407358
1583574300000 100.64997407407387
1583577900000 40.25998962962955
1583719800000 3346.611637962956
1583722500000 6793.873249999986
1583722800000 6562.3783096296165
1583726400000 3990.7714720370286
1583730000000 2189.1369361111065
1583732700000 1303.4171642592567
1583733600000 1172.5721979629607
1583736300000 654.2248314814802
1583737800000 281.81992740740685
1583750700000 50.324987037036934
1583756400000 4010.901466851844
1583758500000 3749.2115342592515
1583802300000 3653.5940588888816
1583805000000 7040.465686481468
1583805600000 7075.693177407393
1583809200000 4086.388947407399
1583812800000 2314.949403703699
1583816400000 1378.904644814812
1583820000000 674.354826296295
1583824200000 145.9424624074071
1583388600000 961.2072524074055
1583474400000 478.0873768518509
1583492700000 603.8998444444433
1583498700000 196.26744944444405
1583557200000 1278.2546707407382
1583570700000 171.1049559259256
1583571600000 125.81246759259233
1583575200000 75.48748055555541
1583748000000 135.87746499999975
1583751600000 60.38998444444432
1583752500000 15.09749611111108
1583752800000 20.129994814814776
1583755200000 15.09749611111108
1583826900000 256.65743388888836
1583827200000 221.4299429629625
1583390100000 3175.5066820370307
1583830800000 50.324987037036934