1583379300000 3653.594058888881
1583379600000 3472.4241055555485
1583379900000 3552.944084814808
1583380200000 3230.8641677777714
1583380500000 3361.709134074067
1583380800000 3019.4992222222163
1583381100000 3160.4091859259197
1583381400000 2707.484302592587
1583381700000 2858.459263703698
1583382300000 2586.704333703698
1583383500000 1892.219512592589
1583383800000 1862.0245203703669
1583384100000 1801.6345359259224
1583384700000 1721.1145566666632
1583385000000 1570.1395955555527
1583385300000 1449.3596266666636
1583386200000 1227.9296837037014
1583386500000 1157.4747018518497
1583386800000 1268.1896733333308
1583387100000 1036.6947329629609
1583387400000 1046.7597303703683
1583387700000 936.0447588888869
1583388000000 815.2647899999984
1583388300000 775.0048003703689
1583388900000 805.1997925925909
1583389200000 885.71977185185
1583389500000 744.8098081481467
1583389800000 704.5498185185171
1583390400000 3522.749092592585
1583390700000 3744.179035555548
1583391000000 3492.5541003703634
1583391300000 3371.774131481475
1583391600000 3361.7091340740676
1583391900000 3150.3441885185125
1583392200000 3452.2941107407346
1583392500000 3774.3740277777706
1583392800000 3250.994162592586
1583393400000 3341.5791392592523
1583393700000 3452.294110740734
1583394000000 3009.434224814809
1583394300000 3371.7741314814743
1583395200000 3351.64413666666
1583395500000 3623.3990666666587
1583395800000 3452.2941107407337
1583396100000 3653.5940588888816
1583396400000 3321.449144444438
1583396700000 3583.13907703703
1583400600000 3542.8790874074007
1583400900000 3673.724053703696
1583401200000 3552.944084814808
1583401500000 3573.0740796296222
1583401800000 3240.929165185178
1583402100000 3442.2291133333265
1583402700000 3713.984043333326
1583403000000 3673.724053703697
1583403300000 3512.684095185178
1583403600000 3401.9691237036973
1583403900000 3291.254152222216
1583404200000 3230.8641677777714
1583404500000 2969.174235185179
1583404800000 2757.809289629624
1583405400000 2365.274390740736
1583405700000 2586.7043337036985
1583406300000 2254.5594192592544
1583406600000 2184.1044374074027
1583406900000 2174.0394399999955
1583407200000 1922.414504814811
1583407500000 2023.064478888885
1583407800000 1831.8295281481446
1583408100000 1469.4896214814787
1583408400000 1550.0096007407378
1583408700000 2707.484302592587
1583409000000 1388.9696422222196
1583409300000 1338.6446551851825
1583409900000 1419.1646344444416
1583410200000 1399.034639629627
1583410500000 1217.864686296294
1583410800000 996.4347433333313
1583411100000 1107.1497148148128
1583411400000 996.4347433333312
1583411700000 795.1347951851836
1583412000000 1056.8247277777757
1583412600000 795.1347951851836
1583457600000 3381.839128888882
1583457900000 3472.4241055555485
1583458200000 3220.799170370364
1583458500000 3432.164115925919
1583458800000 3502.619097777771
1583459100000 3452.2941107407337
1583459400000 3653.5940588888816
1583459700000 3261.0591599999934
1583460300000 2878.589258518513
1583460600000 3039.6292170370316
1583460900000 2848.394266296291
1583461200000 2848.394266296291
1583461500000 2566.5743388888836
1583461800000 2516.2493518518468
1583462100000 2566.5743388888836
1583462400000 2314.9494037036984
1583462700000 1932.4795022222183
1583463000000 3683.7890511111036
1583463300000 2033.1294762962923
1583463900000 1882.1545151851817
1583464200000 1509.7496111111082
1583464500000 1409.0996370370342
1583464800000 1499.684613703701
1583465100000 1489.6196162962935
1583465400000 1187.669694074072
1583465700000 1318.514660370368
1583466000000 1167.539699259257
1583466300000 1580.2045929629599
1583466600000 1308.4496629629602
1583466900000 1016.5647381481461
1583467500000 1046.7597303703683
1583467800000 875.6547744444426
1583468100000 754.8748055555541
1583468400000 936.044758888887
1583468700000 724.6798133333319
1583469000000 634.0948366666655
1583469300000 754.874805555554
1583469600000 523.3798651851841
1583469900000 734.7448107407394
1583470200000 634.0948366666654
1583470500000 523.3798651851841
1583471100000 704.5498185185171
1583471400000 503.2498703703693
1583471700000 473.05487814814717
1583472000000 523.3798651851841
1583472300000 493.1848729629619
1583472600000 483.1198755555546
1583472900000 362.3399066666659
1583473200000 312.01491962962893
1583473500000 412.66489370370283
1583473800000 533.4448625925916
1583474100000 291.8849248148142
1583474700000 312.01491962962893
1583475000000 301.9499222222216
1583475300000 241.5599377777773
1583475600000 251.62493518518468
1583475900000 211.36494555555512
1583476200000 221.4299429629625
1583476500000 231.4949403703699
1583476800000 100.64997407407387
1583477100000 201.29994814814773
1583477400000 332.14491444444377
1583477700000 191.23495074074035
1583479200000 3341.5791392592528
1583479500000 3321.449144444438
1583479800000 3301.319149629623
1583480100000 3361.709134074067
1583480400000 3482.4891029629557
1583480700000 3371.7741314814753
1583481000000 2979.239232592587
1583481300000 3089.9542040740675
1583481900000 3190.604178148142
1583482200000 2928.9142455555498
1583482500000 3059.759211851845
1583482800000 2717.549299999995
1583483100000 2717.549299999994
1583483400000 2626.9643233333277
1583483700000 2486.054359629625
1583484000000 2566.5743388888836
1583484600000 2284.754411481477
1583484900000 2184.104437407403
1583485500000 1781.5045411111075
1583485800000 1841.894525555552
1583486100000 1690.9195644444412
1583486400000 1660.724572222219
1583486700000 1519.8146085185156
1583487000000 1489.6196162962933
1583487300000 1439.2946292592565
1583487600000 1358.7746499999973
1583487900000 2335.079398518514
1583488200000 1399.034639629627
1583488500000 1298.384665555553
1583489100000 1006.4997407407387
1583489400000 1036.6947329629609
1583489700000 1076.9547225925905
1583490000000 895.7847692592574
1583490300000 956.1747537037016
1583490600000 1006.4997407407388
1583490900000 775.0048003703688
1583491200000 724.6798133333319
1583491800000 946.1097562962944
1583493000000 654.2248314814802
1583493300000 473.0548781481472
1583493900000 553.5748574074063
1583494200000 493.18487296296195
1583494500000 372.4049040740733
1583494800000 392.53489888888805
1583495100000 291.8849248148142
1583495400000 462.9898807407398
1583495700000 301.94992222222163
1583496300000 432.7948885185176
1583496600000 412.66489370370283
1583499000000 332.14491444444377
1583541600000 3331.514141851845
1583541900000 3462.359108148141
1583542200000 3301.319149629623
1583542500000 3462.3591081481413
1583544000000 3613.334069259252
1583544300000 3522.7490925925854
1583544600000 3452.294110740734
1583544900000 3401.9691237036973
1583545200000 3552.944084814808
1583545500000 3593.204074444437
1583545800000 3341.5791392592528
1583546100000 3422.0991185185117
1583546700000 3321.4491444444375
1583547000000 3331.514141851845
1583547300000 3452.2941107407337
1583547600000 3281.1891548148083
1583547900000 2898.7192533333273
1583548200000 3019.4992222222163
1583548500000 3079.8892066666604
1583548800000 2798.0692792592536
1583549100000 3552.944084814808
1583549400000 2455.8593674074027
1583549700000 2345.1443959259213
1583550900000 2093.519460740736
1583551200000 2093.5194607407366
1583551500000 1680.8545670370336
1583552400000 1761.374546296293
1583552700000 1358.7746499999973
1583553000000 1268.1896733333308
1583553300000 1217.864686296294
1583553900000 1197.734691481479
1583554200000 1187.669694074072
1583554500000 1157.4747018518497
1583554800000 936.0447588888869
1583555100000 1097.0847174074054
1583555400000 936.044758888887
1583555700000 785.0697977777762
1583556000000 875.6547744444426
1583556600000 845.4597822222206
1583556900000 885.71977185185
1583557500000 654.2248314814801
1583557800000 674.354826296295
1583558100000 573.7048522222211
1583558400000 593.8348470370358
1583558700000 593.8348470370358
1583559000000 654.2248314814801
1583559300000 493.1848729629619
1583559600000 432.7948885185176
1583560200000 462.9898807407398
1583561100000 332.14491444444377
1583561400000 332.14491444444377
1583561700000 301.9499222222216
1583562000000 261.6899325925921
1583562300000 301.9499222222216
1583562600000 322.0799170370364
1583562900000 140.90996370370343
1583563200000 362.3399066666659
1583563800000 291.8849248148142
1583564100000 191.23495074074035
1583565600000 191.23495074074037
1583565900000 150.97496111111082
1583566200000 201.29994814814773
1583566500000 161.0399585185182
1583566800000 150.97496111111082
1583567100000 120.77996888888865
1583567400000 201.29994814814773
1583567700000 140.90996370370343
1583568300000 110.71497148148126
1583568600000 110.71497148148126
1583568900000 140.90996370370343
1583569200000 161.0399585185182
1583569500000 50.324987037036934
1583569800000 161.0399585185182
1583570100000 120.77996888888865
1583570400000 120.77996888888865
1583571000000 80.5199792592591
1583571300000 110.71497148148126
1583571900000 60.38998444444432
1583572200000 60.38998444444432
1583572500000 40.25998962962955
1583572800000 80.5199792592591
1583573100000 30.19499222222216
1583573400000 70.45498185185171
1583573700000 110.71497148148126
1583574000000 40.25998962962955
1583574600000 50.324987037036934
1583574900000 40.25998962962955
1583575500000 10.064997407407388
1583575800000 20.129994814814776
1583576100000 20.129994814814776
1583576400000 10.064997407407388
1583576700000 20.129994814814776
1583577000000 20.129994814814776
1583577300000 40.25998962962955
1583577600000 20.129994814814776
1583720100000 3512.6840951851777
1583720400000 3472.424105555549
1583720700000 3552.9440848148083
1583721000000 3029.564219629624
1583721300000 3412.034121111105
1583721600000 3210.7341729629566
1583721900000 3009.434224814808
1583722200000 3492.5541003703624
1583723100000 3422.099118518512
1583723400000 3371.774131481475
1583723700000 3482.489102962956
1583724000000 3019.4992222222163
1583724300000 2788.0042818518464
1583724600000 2767.874287037031
1583724900000 2757.809289629624
1583725200000 2425.6643751851807
1583725500000 2888.65425592592
1583725800000 2274.6894140740696
1583726100000 2033.1294762962923
1583726700000 1922.4145048148112
1583727000000 1851.9595229629595
1583727300000 1570.1395955555527
1583727600000 1721.1145566666632
1583727900000 1660.724572222219
1583728200000 1560.0745981481452
1583728500000 1268.1896733333308
1583728800000 1087.019719999998
1583729100000 2385.4043855555506
1583729400000 1278.2546707407382
1583729700000 1248.059678518516
1583730300000 1107.1497148148128
1583730600000 1056.8247277777757
1583730900000 1056.8247277777757
1583731200000 1006.4997407407387
1583731500000 835.3947848148131
1583731800000 795.1347951851836
1583732100000 654.2248314814801
1583732400000 674.354826296295
1583733000000 644.1598340740728
1583733300000 593.8348470370358
1583733900000 603.8998444444433
1583734200000 573.7048522222211
1583734500000 452.9248833333324
1583734800000 402.5998962962954
1583735100000 503.2498703703693
1583735400000 422.72989111111025
1583735700000 312.01491962962893
1583736000000 473.05487814814717
1583736600000 382.4699014814807
1583736900000 261.6899325925921
1583738100000 291.8849248148142
1583738400000 332.1449144444437
1583738700000 241.5599377777773
1583739000000 291.8849248148142
1583739300000 281.8199274074068
1583739600000 211.36494555555512
1583739900000 161.0399585185182
1583740200000 261.6899325925921
1583740500000 191.23495074074035
1583740800000 150.97496111111082
1583741100000 130.84496629629604
1583741400000 171.1049559259256
1583741700000 150.97496111111082
1583742000000 221.4299429629625
1583742300000 140.90996370370343
1583742600000 120.77996888888865
1583742900000 171.1049559259256
1583743200000 110.71497148148126
1583743500000 80.5199792592591
1583743800000 70.45498185185171
1583744100000 90.58497666666649
1583744400000 100.64997407407388
1583744700000 100.64997407407387
1583745000000 100.64997407407387
1583745300000 90.58497666666648
1583745600000 60.38998444444432
1583745900000 140.90996370370343
1583746200000 100.64997407407388
1583746500000 90.58497666666649
1583746800000 60.38998444444432
1583747100000 70.45498185185171
1583747400000 70.45498185185171
1583747700000 50.324987037036934
1583748300000 50.324987037036934
1583748600000 80.5199792592591
1583748900000 70.45498185185171
1583749200000 50.324987037036934
1583749500000 40.25998962962955
1583749800000 20.129994814814776
1583750100000 50.32498703703694
1583750400000 70.45498185185171
1583751000000 40.25998962962955
1583751300000 50.324987037036934
1583751900000 20.129994814814776
1583752200000 50.324987037036934
1583753100000 30.19499222222216
1583753700000 30.19499222222216
1583754000000 30.19499222222216
1583754300000 20.129994814814776
1583754600000 30.19499222222216
1583754900000 40.25998962962955
1583755800000 110.71497148148126
1583756100000 211.36494555555515
1583756700000 3693.854048518511
1583757000000 3351.6441366666604
1583757300000 3583.1390770370303
1583757600000 3935.4139862962884
1583757900000 5243.863649259249
1583758200000 3955.543981111103
1583802600000 3844.829009629622
1583802900000 3633.464064074067
1583803200000 3844.829009629622
1583803500000 3412.0341211111045
1583803800000 3623.39906666666
1583804100000 3623.399066666659
1583804400000 3814.6340174074
1583804700000 3915.2839914814735
1583805300000 4126.648937037028
1583805900000 3532.814089999993
1583806200000 3542.8790874074
1583806500000 3391.904126296289
1583806800000 3089.9542040740675
1583807100000 3039.6292170370307
1583807400000 2918.8492481481426
1583807700000 2697.41930518518
1583808000000 4358.143877407399
1583808300000 2496.119357037032
1583808600000 2325.014401111106
1583808900000 2214.2994296296247
1583809500000 1721.1145566666632
1583809800000 2043.1944737036997
1583810100000 1882.1545151851813
1583810400000 1670.7895696296264
1583810700000 1519.8146085185156
1583811000000 1449.3596266666639
1583811300000 1328.579657777775
1583811600000 1288.3196681481456
1583811900000 1248.0596785185162
1583812200000 1237.9946811111088
1583812500000 1127.2797096296274
1583813100000 1177.6046966666643
1583813400000 845.4597822222206
1583813700000 1087.0197199999977
1583814000000 1006.4997407407387
1583814300000 905.8497666666649
1583814600000 875.6547744444428
1583814900000 865.5897770370353
1583815200000 825.3297874074059
1583815500000 543.5098599999989
1583815800000 684.4198237037024
1583816100000 654.2248314814801
1583816700000 674.354826296295
1583817000000 563.6398548148137
1583817300000 583.7698496296285
1583817600000 603.8998444444431
1583817900000 402.5998962962954
1583818200000 523.3798651851841
1583818500000 503.24987037036936
1583818800000 493.18487296296195
1583819100000 573.7048522222211
1583819400000 462.9898807407398
1583819700000 362.3399066666659
1583820300000 301.94992222222163
1583820600000 382.4699014814807
1583820900000 261.6899325925921
1583821200000 291.8849248148142
1583821500000 281.8199274074068
1583821800000 251.62493518518468
1583822100000 281.8199274074068
1583822400000 251.62493518518468
1583822700000 332.14491444444377
1583823000000 261.6899325925921
1583823300000 362.3399066666659
1583824500000 161.0399585185182
1583824800000 191.23495074074035
1583825100000 150.97496111111082
1583825400000 150.97496111111082
1583825700000 171.1049559259256
1583826000000 100.64997407407387
1583826300000 211.36494555555512
1583826600000 161.0399585185182
1583827500000 130.84496629629604
1583827800000 70.45498185185171
1583828100000 110.71497148148126
1583828400000 110.71497148148126
1583828700000 110.71497148148126
1583829000000 30.19499222222216
1583829300000 100.64997407407387
1583829600000 130.84496629629604
1583829900000 80.5199792592591
1583830200000 50.32498703703694
1583830500000 90.58497666666648
1583378700000 3522.7490925925854
1583379000000 3613.334069259252
1583382000000 2657.15931555555
1583382600000 2335.0793985185137
1583382900000 2304.8844062962917
1583383200000 2174.0394399999955
1583384400000 1590.269590370367
1583385600000 1409.0996370370344
1583385900000 1388.9696422222194
1583388600000 654.2248314814801
1583393100000 3482.489102962956
1583394600000 6924.718216296282
1583394900000 3593.2040744444375
1583397000000 3331.514141851845
1583400300000 3381.839128888882
1583402400000 6552.31331222221
1583405100000 5102.953685555545
1583406000000 4750.678776296287
1583409600000 2888.65425592592
1583412300000 1660.724572222219
1583457300000 2103.5844581481438
1583460000000 6179.908408148136
1583463600000 3764.309030370363
1583467200000 1952.6094970370332
1583478000000 30.19499222222216
1583478900000 3059.7592118518455
1583481600000 6914.653218888875
1583484300000 4327.948885185176
1583485200000 4025.9989629629554
1583488800000 2133.7794503703662
1583491500000 1147.409704444442
1583493600000 563.6398548148136
1583498700000 171.1049559259256
1583541300000 3472.4241055555485
1583543700000 3210.7341729629566
1583546400000 6763.678257777765
1583550000000 5706.8535299999885
1583551800000 1580.2045929629599
1583553600000 2405.5343803703654
1583556300000 1711.0495592592558
1583559900000 805.1997925925909
1583560500000 704.5498185185172
1583560800000 563.6398548148136
1583563500000 402.59989629629547
1583565300000 191.23495074074035
1583577900000 30.19499222222216
1583719800000 3693.854048518511
1583722500000 6300.688377037024
1583722800000 6622.768294074061
1583726400000 4247.428905925917
1583730000000 2163.9744425925883
1583732700000 1399.034639629627
1583736300000 795.1347951851835
1583737800000 312.014919629629
1583756400000 4176.9739240740655
1583758500000 3623.3990666666596
1583802300000 3492.5541003703634
1583805000000 6924.718216296283
1583805600000 7438.033084074059
1583809200000 4176.9739240740655
1583812800000 2274.6894140740696
1583824200000 241.5599377777773
1583390100000 3210.7341729629566
1583470800000 905.8497666666649
1583474400000 634.0948366666654
1583492100000 593.8348470370358
1583496000000 654.2248314814801
1583550600000 1841.8945255555518
1583552100000 1580.2045929629599
1583557200000 1469.4896214814785
1583568000000 332.14491444444377
1583570700000 201.29994814814773
1583571600000 150.97496111111082
1583574300000 100.64997407407388
1583575200000 70.45498185185171
1583733600000 1046.7597303703683
1583748000000 70.45498185185171
1583750700000 80.51997925925909
1583751600000 60.38998444444432
1583752500000 60.38998444444432
1583755200000 40.25998962962955
1583816400000 1117.21471222222
1583820000000 754.8748055555541
1583826900000 201.29994814814773
1583827200000 201.29994814814773
1583830800000 90.58497666666648
1583412900000 956.1747537037018
1583492700000 674.354826296295
1583499300000 211.36494555555512
1583752800000 20.129994814814776