1583379300000 4001.299582822062
1583379600000 4021.3060807361726
1583379900000 3321.0786537423114
1583380200000 3381.0981474846426
1583380500000 3281.0656579140905
1583380800000 2900.9421975459945
1583381100000 3281.065657914091
1583381400000 3141.0201725153183
1583381700000 2880.9356996318843
1583382300000 2760.8967121472224
1583383500000 2000.6497914110312
1583383800000 1620.5263310429352
1583384100000 1720.5588206134867
1583384700000 1800.5848122699279
1583385000000 1480.480845644163
1583385300000 1540.500339386494
1583386200000 1040.3378915337362
1583386500000 1340.435360245391
1583386800000 1140.3703811042878
1583387100000 840.2729123926331
1583387400000 1280.4158665030598
1583387700000 880.2859082208537
1583388000000 1120.3638831901774
1583388300000 940.3054019631847
1583388900000 820.2664144785227
1583389200000 760.2469207361919
1583389500000 620.2014353374196
1583389800000 540.1754436809784
1583390400000 2820.9162058895536
1583390700000 3841.2475995091795
1583391000000 3321.078653742312
1583391300000 3321.0786537423123
1583391600000 3521.1436328834147
1583391900000 3361.091649570532
1583392200000 3281.065657914091
1583392500000 3601.169624539856
1583392800000 4081.3255744785038
1583393400000 3421.111143312863
1583393700000 3381.0981474846426
1583394000000 3261.0591599999802
1583394300000 3020.9811850306564
1583395200000 3581.163126625746
1583395500000 3361.0916495705314
1583395800000 2840.922703803664
1583396100000 3581.1631266257455
1583396400000 3361.091649570532
1583396700000 3081.000678772987
1583400600000 3741.2151099386274
1583400900000 3441.117641226974
1583401200000 3060.994180858878
1583401500000 3741.2151099386288
1583401800000 3541.150130797525
1583402100000 3401.104645398752
1583402700000 3301.072155828201
1583403000000 3261.0591599999807
1583403300000 3881.2605953374004
1583403600000 3561.156628711635
1583403900000 3621.176122453966
1583404200000 3081.0006787729876
1583404500000 3000.974687116546
1583404800000 3081.0006787729876
1583405400000 2700.8772184048917
1583405700000 2620.8512267484507
1583406300000 2360.7667538650167
1583406600000 2400.7797496932367
1583406900000 2160.7017747239133
1583407200000 1820.5913101840383
1583407500000 1820.5913101840383
1583407800000 2060.669285153362
1583408100000 1800.5848122699276
1583408400000 1320.4288623312805
1583408700000 3020.981185030657
1583409000000 1480.4808456441629
1583409300000 1420.461351901832
1583409900000 1300.4223644171702
1583410200000 1420.461351901832
1583410500000 1080.3508873619567
1583410800000 980.3183977914052
1583411100000 1220.396372760729
1583411400000 860.2794103067434
1583411700000 800.2599165644125
1583412000000 640.20793325153
1583412600000 860.2794103067433
1583457600000 3521.1436328834147
1583457900000 3201.03966625765
1583458200000 3060.994180858877
1583458500000 3141.0201725153192
1583458800000 3241.05266208587
1583459100000 3641.1826203680766
1583459400000 3141.0201725153183
1583459700000 3461.124139141084
1583460300000 3181.0331683435393
1583460600000 2760.8967121472224
1583460900000 2600.84472883434
1583461200000 2740.8902142331126
1583461500000 2300.7472601226855
1583461800000 2780.903210061333
1583462100000 2180.7082726380236
1583462400000 2320.7537580367957
1583462700000 1980.6432934969207
1583463300000 1620.5263310429352
1583463900000 1960.6367955828105
1583464200000 1740.565318527597
1583464500000 1300.4223644171702
1583464800000 1580.5133352147145
1583465100000 1340.4353602453907
1583465400000 1240.402870674839
1583465700000 1240.4028706748393
1583466000000 960.311899877295
1583466300000 1340.435360245391
1583466600000 1380.4483560736114
1583466900000 1000.3248957055156
1583467500000 1120.3638831901774
1583467800000 840.2729123926331
1583468100000 780.2534186503023
1583468400000 820.2664144785227
1583468700000 880.2859082208537
1583469000000 800.2599165644124
1583469300000 700.227426993861
1583469600000 540.1754436809784
1583469900000 640.20793325153
1583470200000 720.2339249079713
1583470500000 560.1819415950888
1583471100000 220.0714770552134
1583471400000 560.1819415950888
1583471700000 460.14945202453714
1583472000000 580.188439509199
1583472300000 320.103966625765
1583472600000 320.103966625765
1583472900000 400.1299582822062
1583473200000 360.1169624539856
1583473500000 380.1234603680959
1583473800000 500.16244785275774
1583474100000 220.07147705521342
1583474700000 360.1169624539856
1583475000000 320.103966625765
1583475300000 280.09097079754434
1583475600000 140.04548539877217
1583475900000 260.08447288343405
1583476200000 200.0649791411031
1583476500000 180.0584812269928
1583476800000 240.07797496932372
1583477100000 140.04548539877217
1583477400000 120.03898748466187
1583477700000 180.0584812269928
1583479200000 3401.104645398753
1583479500000 3241.0526620858705
1583479800000 3000.974687116546
1583480100000 3221.0461641717593
1583480400000 3521.1436328834143
1583480700000 3561.1566287116357
1583481000000 3761.221607852738
1583481300000 3141.0201725153192
1583481900000 3961.2865869938414
1583482200000 3341.085151656421
1583482500000 3121.0136746012085
1583482800000 3020.981185030657
1583483100000 3060.9941808588774
1583483400000 2500.812239263789
1583483700000 2920.9486954601052
1583484000000 2280.7407622085752
1583484600000 2200.7147705521343
1583484900000 1740.5653185275971
1583485500000 1880.6108039263693
1583485800000 1880.6108039263695
1583486100000 1480.4808456441629
1583486400000 1340.4353602453907
1583486700000 1140.3703811042874
1583487000000 1640.5328289570457
1583487300000 1640.5328289570452
1583487600000 1500.4873435582733
1583487900000 2480.8057413496786
1583488200000 1480.4808456441629
1583488500000 860.2794103067434
1583489100000 880.2859082208537
1583489400000 1140.3703811042876
1583489700000 1020.3313936196258
1583490000000 1000.3248957055156
1583490300000 820.2664144785227
1583490600000 1020.3313936196259
1583490900000 780.2534186503021
1583491200000 580.188439509199
1583491800000 900.2924061349642
1583493000000 580.188439509199
1583493300000 620.2014353374196
1583493900000 440.14295411042684
1583494200000 320.103966625765
1583494500000 360.1169624539856
1583494800000 380.1234603680959
1583495100000 360.1169624539856
1583495400000 240.07797496932372
1583495700000 340.1104645398753
1583496300000 240.07797496932372
1583496600000 300.09746871165464
1583499000000 300.09746871165464
1583541600000 3341.0851516564217
1583541900000 3981.2930849079517
1583542200000 3401.1046453987524
1583542500000 3921.273591165621
1583544000000 3601.1696245398557
1583544300000 3161.026670429429
1583544600000 3381.0981474846426
1583544900000 3060.994180858877
1583545200000 3481.1306370551943
1583545500000 3221.0461641717598
1583545800000 3601.1696245398557
1583546100000 3461.1241391410836
1583546700000 3321.0786537423114
1583547000000 3121.0136746012085
1583547300000 3521.1436328834143
1583547600000 3601.169624539856
1583547900000 2980.968189202436
1583548200000 3081.0006787729876
1583548500000 2560.8317330061195
1583548800000 2760.8967121472224
1583549100000 3981.293084907951
1583549400000 2540.8252350920093
1583549700000 2840.922703803664
1583550900000 1720.558820613487
1583551200000 1920.6237997545898
1583551500000 1520.4938414723836
1583552400000 1720.5588206134864
1583552700000 1560.5068373006043
1583553000000 1660.5393268711557
1583553300000 1400.4548539877217
1583553900000 1380.4483560736112
1583554200000 1080.350887361957
1583554500000 1200.3898748466186
1583554800000 1120.3638831901774
1583555100000 1020.3313936196259
1583555400000 1020.3313936196258
1583555700000 580.188439509199
1583556000000 860.2794103067434
1583556600000 660.2144311656402
1583556900000 700.227426993861
1583557500000 660.2144311656402
1583557800000 780.2534186503021
1583558100000 680.2209290797506
1583558400000 600.1949374233094
1583558700000 540.1754436809784
1583559000000 540.1754436809783
1583559300000 420.13645619631654
1583559600000 580.188439509199
1583560200000 380.1234603680959
1583561100000 480.15594993864744
1583561400000 280.09097079754434
1583561700000 360.1169624539856
1583562000000 200.0649791411031
1583562300000 440.1429541104268
1583562600000 260.08447288343405
1583562900000 300.09746871165464
1583563200000 260.08447288343405
1583563800000 260.08447288343405
1583564100000 160.0519833128825
1583565600000 180.0584812269928
1583565900000 240.07797496932372
1583566200000 180.0584812269928
1583566500000 180.0584812269928
1583566800000 140.04548539877217
1583567100000 220.07147705521342
1583567400000 200.0649791411031
1583567700000 180.0584812269928
1583568300000 100.03248957055155
1583568600000 240.07797496932372
1583568900000 200.0649791411031
1583569200000 80.02599165644125
1583569500000 180.0584812269928
1583569800000 180.0584812269928
1583570100000 40.012995828220625
1583570400000 40.012995828220625
1583571000000 80.02599165644125
1583571300000 60.01949374233093
1583571900000 80.02599165644125
1583572200000 20.006497914110312
1583572500000 40.012995828220625
1583572800000 80.02599165644125
1583573100000 60.01949374233093
1583573400000 40.012995828220625
1583573700000 80.02599165644125
1583574000000 120.03898748466186
1583574600000 20.006497914110312
1583574900000 20.006497914110312
1583575500000 80.02599165644125
1583575800000 60.01949374233093
1583576100000 20.006497914110312
1583576400000 60.01949374233093
1583576700000 20.006497914110312
1583577000000 20.006497914110312
1583720100000 3101.007176687098
1583720400000 3441.1176412269733
1583720700000 3541.1501307975245
1583721000000 3841.247599509179
1583721300000 3261.0591599999802
1583721600000 3581.1631266257455
1583721900000 3421.111143312863
1583722200000 3681.1956161962967
1583723100000 3721.2086120245176
1583723400000 3541.1501307975245
1583723700000 3881.2605953374004
1583724000000 2880.9356996318843
1583724300000 2640.857724662561
1583724600000 2680.870720490781
1583724900000 2340.760255950906
1583725200000 2280.7407622085752
1583725500000 2640.857724662561
1583725800000 2380.773251779127
1583726100000 1900.6173018404795
1583726700000 2140.695276809803
1583727000000 2060.669285153362
1583727300000 2100.6822809815826
1583727600000 1620.5263310429352
1583727900000 1440.4678498159424
1583728200000 1300.42236441717
1583728500000 1540.500339386494
1583728800000 1660.5393268711557
1583729100000 2200.7147705521343
1583729400000 1220.3963727607288
1583729700000 1100.3573852760671
1583730300000 1340.435360245391
1583730600000 800.2599165644124
1583730900000 1100.3573852760671
1583731200000 720.2339249079712
1583731500000 760.2469207361919
1583731800000 560.1819415950888
1583732100000 860.2794103067434
1583732400000 600.1949374233093
1583733000000 580.188439509199
1583733300000 620.2014353374196
1583733900000 600.1949374233094
1583734200000 500.16244785275774
1583734500000 500.1624478527578
1583734800000 480.15594993864744
1583735100000 400.1299582822062
1583735400000 460.1494520245371
1583735700000 440.14295411042684
1583736000000 420.1364561963165
1583736600000 240.07797496932372
1583736900000 300.09746871165464
1583738100000 320.10396662576494
1583738400000 300.09746871165464
1583738700000 160.0519833128825
1583739000000 300.09746871165464
1583739300000 280.09097079754434
1583739600000 220.07147705521342
1583739900000 140.04548539877217
1583740200000 240.07797496932372
1583740500000 120.03898748466186
1583740800000 140.04548539877217
1583741100000 160.0519833128825
1583741400000 160.0519833128825
1583741700000 100.03248957055155
1583742000000 140.04548539877217
1583742300000 180.0584812269928
1583742600000 100.03248957055155
1583742900000 80.02599165644125
1583743200000 120.03898748466186
1583743500000 160.0519833128825
1583743800000 100.03248957055155
1583744100000 120.03898748466186
1583744400000 100.03248957055155
1583744700000 120.03898748466186
1583745000000 100.03248957055155
1583745300000 60.01949374233094
1583745600000 60.01949374233093
1583745900000 120.03898748466186
1583746200000 80.02599165644125
1583746500000 60.01949374233093
1583746800000 60.01949374233094
1583747100000 180.0584812269928
1583747400000 80.02599165644125
1583747700000 80.02599165644125
1583748300000 60.01949374233094
1583748600000 80.02599165644125
1583748900000 40.012995828220625
1583749200000 20.006497914110312
1583749800000 40.012995828220625
1583750100000 20.006497914110312
1583750400000 40.012995828220625
1583751300000 40.012995828220625
1583751900000 20.006497914110312
1583752200000 60.01949374233093
1583753100000 40.012995828220625
1583753400000 60.01949374233093
1583753700000 20.006497914110312
1583754300000 20.006497914110312
1583755500000 20.006497914110312
1583756100000 240.07797496932375
1583756700000 4021.306080736172
1583757000000 3421.1111433128626
1583757300000 3501.1371349693045
1583757600000 3661.1891182821873
1583757900000 5001.624478527578
1583758200000 3781.228105766848
1583802600000 3741.215109938628
1583802900000 3821.2411015950693
1583803200000 3481.1306370551943
1583803500000 4101.332072392614
1583803800000 3421.111143312863
1583804100000 3661.189118282187
1583804400000 4021.306080736173
1583804700000 4161.351566134945
1583805300000 3881.2605953374
1583805900000 3781.228105766849
1583806200000 3221.0461641717598
1583806500000 3381.0981474846426
1583806800000 2900.9421975459954
1583807100000 2780.9032100613326
1583807400000 2900.942197545995
1583807700000 2460.7992434355683
1583808000000 4501.46203067482
1583808300000 2120.688778895693
1583808600000 2200.714770552134
1583808900000 2120.688778895693
1583809500000 2260.734264294465
1583809800000 2100.6822809815826
1583810100000 1440.4678498159424
1583810400000 1640.5328289570455
1583810700000 1380.4483560736114
1583811000000 1320.4288623312805
1583811300000 1640.5328289570455
1583811600000 1280.4158665030598
1583811900000 1400.4548539877217
1583812200000 1100.357385276067
1583812500000 1140.3703811042876
1583813100000 1120.3638831901774
1583813400000 960.311899877295
1583813700000 880.2859082208537
1583814000000 820.2664144785227
1583814300000 1020.3313936196258
1583814600000 980.3183977914052
1583814900000 820.2664144785227
1583815200000 720.2339249079713
1583815500000 720.2339249079712
1583815800000 640.20793325153
1583816100000 560.1819415950888
1583816700000 940.3054019631846
1583817000000 640.20793325153
1583817300000 560.1819415950888
1583817600000 680.2209290797506
1583817900000 440.14295411042684
1583818200000 480.15594993864744
1583818500000 420.1364561963165
1583818800000 620.2014353374198
1583819100000 260.08447288343405
1583819400000 500.16244785275774
1583819700000 300.09746871165464
1583820300000 380.1234603680959
1583820600000 220.0714770552134
1583820900000 340.1104645398753
1583821200000 320.10396662576494
1583821500000 380.1234603680959
1583821800000 220.07147705521342
1583822100000 280.09097079754434
1583822400000 220.07147705521342
1583822700000 420.13645619631654
1583823000000 160.0519833128825
1583823300000 200.0649791411031
1583824500000 140.04548539877217
1583824800000 260.08447288343405
1583825100000 80.02599165644125
1583825400000 80.02599165644125
1583825700000 140.04548539877217
1583826000000 80.02599165644125
1583826300000 160.0519833128825
1583826600000 120.03898748466186
1583827500000 100.03248957055155
1583827800000 140.04548539877217
1583828100000 100.03248957055155
1583828400000 160.0519833128825
1583828700000 60.01949374233093
1583829000000 80.02599165644125
1583829300000 40.012995828220625
1583829600000 40.012995828220625
1583829900000 160.0519833128825
1583830200000 20.006497914110312
1583830500000 60.01949374233093
1583378700000 3721.2086120245176
1583379000000 3701.2021141104074
1583382600000 2380.773251779127
1583383200000 2200.7147705521343
1583394600000 6782.202792883396
1583394900000 3821.2411015950693
1583397000000 3081.0006787729876
1583400300000 3121.0136746012085
1583402400000 7162.326253251491
1583405100000 5581.812918036776
1583406000000 4541.47502650304
1583409600000 2320.753758036796
1583412300000 2000.649791411031
1583412900000 740.2404228220815
1583457300000 2460.7992434355683
1583460000000 6282.040345030638
1583463000000 4161.351566134945
1583463600000 3361.0916495705324
1583467200000 1820.5913101840383
1583478000000 20.006497914110312
1583478900000 3301.072155828201
1583481600000 6342.059838772969
1583484300000 4801.559499386474
1583485200000 3881.2605953374004
1583491500000 1180.3833769325083
1583492700000 580.188439509199
1583493600000 520.1689457668681
1583541300000 3761.2216078527385
1583543700000 3221.04616417176
1583546400000 6402.079332515299
1583550000000 5341.734943067453
1583550600000 1800.5848122699279
1583551800000 1600.5198331288248
1583552100000 1720.5588206134867
1583553600000 2320.753758036796
1583556300000 1780.5783143558178
1583559900000 940.3054019631846
1583560500000 760.2469207361918
1583560800000 540.1754436809783
1583563500000 520.1689457668681
1583565300000 200.0649791411031
1583571600000 180.0584812269928
1583577900000 20.006497914110312
1583719800000 3401.104645398753
1583722500000 6622.150809570512
1583722800000 6021.955872147204
1583726400000 3881.2605953374
1583730000000 2300.7472601226855
1583732700000 1300.4223644171702
1583736300000 740.2404228220814
1583737800000 260.08447288343405
1583755800000 20.006497914110312
1583756400000 4021.306080736172
1583758500000 3561.156628711635
1583805000000 7202.339249079711
1583805600000 7082.30026159505
1583809200000 4181.358064049055
1583816400000 1440.4678498159424
1583824200000 220.07147705521342
1583382000000 2120.688778895693
1583382900000 2040.6627872392519
1583384400000 2040.6627872392519
1583388600000 980.3183977914052
1583470800000 1080.350887361957
1583474400000 660.2144311656402
1583488800000 2080.6757830674724
1583492100000 480.15594993864744
1583496000000 720.2339249079712
1583498700000 180.0584812269928
1583557200000 1660.539326871156
1583568000000 260.08447288343405
1583570700000 80.02599165644125
1583574300000 140.04548539877217
1583575200000 160.0519833128825
1583733600000 1460.4743477300526
1583748000000 160.0519833128825
1583750700000 60.01949374233094
1583752500000 40.012995828220625
1583752800000 60.01949374233093
1583802300000 3761.2216078527385
1583812800000 2440.7927455214576
1583820000000 820.2664144785227
1583826900000 240.07797496932375
1583827200000 220.0714770552134
1583385900000 1320.4288623312805
1583390100000 3161.026670429429
1583393100000 3261.0591599999802
1583751600000 80.02599165644125
1583755200000 20.006497914110312
1583830800000 40.012995828220625
1583385600000 1300.4223644171702
1583499300000 280.09097079754434