1583379000000 3900.0
1583379600000 4700.0
1583380500000 3100.0
1583380800000 3700.0
1583382000000 2400.0
1583382600000 1900.0
1583382900000 2700.0
1583383200000 1900.0
1583383500000 1900.0
1583384100000 2000.0
1583384400000 2400.0
1583384700000 1500.0
1583385600000 2300.0
1583385900000 1600.0
1583388600000 1300.0
1583390400000 3800.0
1583391300000 3600.0
1583391600000 2900.0
1583391900000 4100.0
1583392200000 3400.0
1583392500000 2900.0
1583392800000 3600.0
1583393100000 3600.0
1583393700000 4400.0
1583394000000 4100.0
1583394300000 4900.0
1583394600000 7100.0
1583394900000 3900.0
1583396100000 3500.0
1583396700000 4300.0
1583397000000 3800.0
1583400600000 4300.0
1583400900000 3600.0
1583401800000 3500.0
1583403000000 4100.0
1583403300000 2600.0
1583403900000 3400.0
1583404200000 3100.0
1583404800000 3700.0
1583405100000 5200.0
1583405700000 2500.0
1583408700000 2900.0
1583410800000 1300.0
1583412300000 1600.0
1583412900000 400.0
1583457900000 3400.0
1583458200000 3300.0
1583459100000 3400.0
1583459400000 3500.0
1583459700000 3500.0
1583461200000 2900.0
1583461800000 3000.0
1583463000000 2400.0
1583463300000 2200.0
1583466300000 1900.0
1583466600000 900.0
1583469900000 1100.0
1583470200000 800.0
1583479200000 3600.0
1583479500000 2600.0
1583479800000 3500.0
1583480400000 3700.0
1583482200000 3200.0
1583484300000 4200.0
1583485500000 2000.0
1583486400000 600.0
1583487900000 2100.0
1583488500000 1100.0
1583491500000 1700.0
1583492100000 600.0
1583492700000 800.0
1583499300000 300.0
1583541900000 3600.0
1583544000000 2500.0
1583544300000 4000.0
1583545500000 3100.0
1583545800000 4400.0
1583546100000 2900.0
1583546700000 4700.0
1583547000000 4000.0
1583548500000 2500.0
1583548800000 2400.0
1583549100000 3700.0
1583549700000 2100.0
1583551200000 2300.0
1583552100000 1000.0
1583556000000 800.0
1583556300000 1400.0
1583558100000 1100.0
1583559900000 1200.0
1583560800000 500.0
1583563500000 700.0
1583720100000 3300.0
1583720400000 2800.0
1583721300000 3600.0
1583721900000 3200.0
1583722200000 3000.0
1583723100000 4000.0
1583724300000 2500.0
1583724900000 2700.0
1583725500000 2100.0
1583729100000 2600.0
1583732700000 1800.0
1583736300000 1600.0
1583741400000 300.0
1583757000000 4200.0
1583757600000 3200.0
1583757900000 5700.0
1583758500000 3000.0
1583802900000 4700.0
1583803800000 3200.0
1583804400000 3200.0
1583804700000 2900.0
1583805000000 9000.0
1583805900000 2800.0
1583807700000 3600.0
1583808000000 5400.0
1583810100000 1800.0
1583811000000 1600.0
1583811900000 2100.0
1583813100000 1000.0
1583813700000 800.0
1583814300000 800.0
1583815500000 1000.0
1583822700000 400.0
1583829600000 100.0
1583379300000 3800.0
1583379900000 3100.0
1583380200000 3700.0
1583381100000 3400.0
1583381400000 3400.0
1583381700000 2000.0
1583382300000 1900.0
1583383800000 1600.0
1583385000000 1900.0
1583385300000 1500.0
1583386200000 1000.0
1583386500000 1300.0
1583386800000 2100.0
1583387100000 2100.0
1583387400000 1500.0
1583387700000 1000.0
1583388000000 700.0
1583388300000 800.0
1583388900000 700.0
1583389200000 700.0
1583389500000 1200.0
1583389800000 700.0
1583390700000 3400.0
1583391000000 2800.0
1583393400000 3500.0
1583395200000 3000.0
1583395500000 3200.0
1583395800000 3000.0
1583396400000 3300.0
1583401200000 3800.0
1583401500000 3200.0
1583402100000 3300.0
1583402700000 3300.0
1583403600000 3800.0
1583404500000 2800.0
1583405400000 3300.0
1583406300000 2200.0
1583406600000 2300.0
1583406900000 1500.0
1583407200000 1600.0
1583407500000 2500.0
1583407800000 2700.0
1583408100000 1700.0
1583408400000 1300.0
1583409000000 1100.0
1583409300000 1700.0
1583409900000 1500.0
1583410200000 1500.0
1583410500000 900.0
1583411100000 1400.0
1583411400000 800.0
1583411700000 2200.0
1583412000000 1000.0
1583412600000 400.0
1583457600000 2600.0
1583458500000 3200.0
1583458800000 2400.0
1583460300000 3100.0
1583460600000 2600.0
1583460900000 2400.0
1583461500000 2300.0
1583462100000 3300.0
1583462400000 2100.0
1583462700000 2000.0
1583463900000 1700.0
1583464200000 1300.0
1583464500000 1600.0
1583464800000 600.0
1583465100000 1700.0
1583465400000 1200.0
1583465700000 1700.0
1583466000000 1200.0
1583466900000 600.0
1583467500000 1000.0
1583467800000 700.0
1583468100000 800.0
1583468400000 600.0
1583468700000 500.0
1583469000000 900.0
1583469300000 1100.0
1583469600000 800.0
1583470500000 700.0
1583471100000 600.0
1583471400000 800.0
1583471700000 300.0
1583472000000 600.0
1583472300000 300.0
1583472600000 400.0
1583472900000 500.0
1583473200000 400.0
1583473500000 200.0
1583474100000 500.0
1583474700000 300.0
1583475000000 300.0
1583475300000 400.0
1583475600000 300.0
1583475900000 200.0
1583476500000 100.0
1583476800000 100.0
1583477100000 100.0
1583477700000 100.0
1583480100000 3900.0
1583480700000 2600.0
1583481000000 2400.0
1583481300000 2800.0
1583481900000 2900.0
1583482500000 3300.0
1583482800000 2500.0
1583483100000 3900.0
1583483400000 2500.0
1583483700000 1900.0
1583484000000 2300.0
1583484600000 2100.0
1583484900000 1900.0
1583485800000 1100.0
1583486100000 1500.0
1583486700000 1600.0
1583487000000 1400.0
1583487300000 800.0
1583487600000 1900.0
1583488200000 1000.0
1583489100000 1400.0
1583489400000 800.0
1583489700000 1100.0
1583490000000 600.0
1583490300000 900.0
1583490600000 1200.0
1583490900000 900.0
1583491200000 600.0
1583491800000 500.0
1583493000000 700.0
1583493300000 500.0
1583493900000 500.0
1583494200000 200.0
1583494500000 400.0
1583494800000 100.0
1583495100000 900.0
1583495400000 200.0
1583495700000 800.0
1583496300000 200.0
1583496600000 200.0
1583499000000 200.0
1583541600000 3300.0
1583542200000 2700.0
1583542500000 3000.0
1583544600000 5000.0
1583544900000 3100.0
1583545200000 4600.0
1583547300000 3400.0
1583547600000 3500.0
1583547900000 2100.0
1583548200000 1900.0
1583549400000 2400.0
1583550900000 3000.0
1583551500000 1400.0
1583552400000 1800.0
1583552700000 1500.0
1583553000000 700.0
1583553300000 1600.0
1583553900000 1100.0
1583554200000 1700.0
1583554500000 1000.0
1583554800000 800.0
1583555100000 800.0
1583555400000 600.0
1583555700000 1400.0
1583556600000 600.0
1583556900000 800.0
1583557500000 700.0
1583557800000 200.0
1583558400000 600.0
1583558700000 400.0
1583559000000 300.0
1583559300000 200.0
1583559600000 400.0
1583560200000 300.0
1583561100000 500.0
1583561400000 600.0
1583561700000 700.0
1583562000000 800.0
1583562300000 600.0
1583562600000 700.0
1583562900000 300.0
1583563800000 200.0
1583565600000 100.0
1583565900000 200.0
1583566200000 200.0
1583566500000 400.0
1583567100000 100.0
1583567700000 100.0
1583568300000 100.0
1583568600000 200.0
1583569200000 200.0
1583569500000 200.0
1583569800000 200.0
1583570100000 200.0
1583571300000 100.0
1583571900000 100.0
1583573400000 200.0
1583575500000 100.0
1583576100000 100.0
1583720700000 4300.0
1583721000000 3200.0
1583721600000 3300.0
1583723400000 3900.0
1583723700000 4100.0
1583724000000 3100.0
1583724600000 2700.0
1583725200000 3700.0
1583725800000 2700.0
1583726100000 1800.0
1583726700000 1200.0
1583727000000 2100.0
1583727300000 2300.0
1583727600000 1600.0
1583727900000 1800.0
1583728200000 1400.0
1583728500000 900.0
1583728800000 1400.0
1583729400000 1300.0
1583729700000 1200.0
1583730300000 1300.0
1583730600000 1000.0
1583730900000 900.0
1583731200000 900.0
1583731500000 800.0
1583731800000 500.0
1583732100000 700.0
1583732400000 800.0
1583733000000 400.0
1583733300000 700.0
1583733900000 100.0
1583734200000 300.0
1583734500000 400.0
1583734800000 500.0
1583735100000 800.0
1583735400000 800.0
1583735700000 700.0
1583736000000 400.0
1583736600000 300.0
1583736900000 300.0
1583738100000 300.0
1583738400000 200.0
1583738700000 100.0
1583739000000 100.0
1583739300000 400.0
1583739600000 400.0
1583739900000 600.0
1583740500000 200.0
1583740800000 100.0
1583741100000 400.0
1583741700000 100.0
1583742300000 100.0
1583742600000 100.0
1583744100000 200.0
1583744700000 100.0
1583745300000 100.0
1583746200000 200.0
1583747400000 100.0
1583749800000 100.0
1583751900000 100.0
1583752200000 200.0
1583753700000 100.0
1583754600000 100.0
1583755800000 100.0
1583756700000 4700.0
1583757300000 5000.0
1583758200000 4200.0
1583802600000 4300.0
1583803200000 3900.0
1583803500000 3600.0
1583804100000 3900.0
1583805300000 2500.0
1583806200000 3200.0
1583806500000 3400.0
1583806800000 2900.0
1583807100000 2900.0
1583807400000 3100.0
1583808300000 2400.0
1583808600000 2000.0
1583808900000 2400.0
1583809500000 2600.0
1583809800000 2100.0
1583810400000 2200.0
1583810700000 1400.0
1583811300000 1000.0
1583811600000 1000.0
1583812200000 1300.0
1583812500000 1200.0
1583813400000 1000.0
1583814000000 700.0
1583814600000 1300.0
1583814900000 900.0
1583815200000 700.0
1583815800000 700.0
1583816100000 600.0
1583816700000 600.0
1583817000000 500.0
1583817300000 100.0
1583817600000 300.0
1583817900000 700.0
1583818200000 200.0
1583818500000 500.0
1583818800000 500.0
1583819100000 100.0
1583819400000 300.0
1583819700000 600.0
1583820300000 100.0
1583820600000 400.0
1583820900000 200.0
1583821200000 300.0
1583821500000 200.0
1583822100000 200.0
1583822400000 200.0
1583823300000 400.0
1583824500000 700.0
1583824800000 200.0
1583825100000 100.0
1583826000000 100.0
1583826300000 100.0
1583826600000 100.0
1583827500000 100.0
1583828700000 100.0
1583829000000 100.0
1583829300000 400.0
1583829900000 200.0
1583830500000 100.0
1583378700000 4800.0
1583390100000 3800.0
1583402400000 5500.0
1583406000000 4700.0
1583409600000 1800.0
1583460000000 6000.0
1583463600000 4100.0
1583467200000 2400.0
1583470800000 1100.0
1583473800000 400.0
1583474400000 900.0
1583481600000 7300.0
1583485200000 4900.0
1583488800000 1900.0
1583493600000 300.0
1583546400000 7100.0
1583550000000 6100.0
1583550600000 1600.0
1583553600000 2000.0
1583557200000 1400.0
1583570700000 200.0
1583574300000 100.0
1583575200000 200.0
1583719800000 3500.0
1583722500000 7900.0
1583722800000 4400.0
1583726400000 4000.0
1583730000000 2000.0
1583733600000 2000.0
1583748000000 400.0
1583750700000 100.0
1583751600000 200.0
1583756400000 4000.0
1583805600000 8300.0
1583809200000 4300.0
1583812800000 2700.0
1583816400000 1300.0
1583820000000 1000.0
1583826900000 200.0
1583827200000 300.0
1583830800000 100.0
1583400300000 3400.0
1583457300000 2900.0
1583477400000 100.0
1583478000000 100.0
1583478900000 2600.0
1583541300000 2600.0
1583543700000 2800.0
1583551800000 2200.0
1583560500000 1200.0
1583565300000 100.0
1583577900000 100.0
1583737800000 300.0
1583824200000 100.0
1583496000000 300.0
1583498700000 300.0
1583568000000 200.0
1583571600000 100.0
1583749200000 100.0
1583752500000 100.0
1583752800000 100.0
1583802300000 3700.0